0.477022, -0.674424, 1
-0.177553, 0.0434143, 1
-0.624931, 0.316145, 1
-0.476979, -0.619786, 1
0.801736, 0.582996, 1
0.105622, 0.564564, 1
0.0546638, -0.824224, 1
0.654363, -0.549358, 1
0.572559, -0.697131, 1
0.758317, 0.200504, 1
-0.0483237, -0.624265, 1
-0.16294, 0.063284, 1
0.216877, 0.336287, 1
0.700126, 0.531373, 1
0.326318, -0.264721, 1
0.411979, 0.163602, 1
-0.531664, 0.317354, 1
0.109219, 0.16138, 0
-0.309615, -0.565846, 1
0.439595, 0.793441, 1
0.201766, -0.55483, 0
0.662838, -0.641993, 1
-0.231174, -0.382141, 0
0.95233, -0.302813, 0
-0.384981, 0.364287, 1
0.557686, -0.274388, 0
-0.848956, 0.454448, 1
0.549616, -0.509616, 1
0.622185, 0.554906, 1
0.328754, -0.426703, 0
0.19433, -0.949177, 0
-0.460954, -0.404847, 1
-0.197752, -0.836755, 0
0.623826, -0.677027, 1
-0.696191, -0.579871, 0
0.919504, -0.329414, 0
-0.326398, -0.755999, 1
0.66115, -0.477143, 1
0.348903, -0.740509, 1
0.897931, 0.432218, 1
0.633236, -0.773945, 0
-0.926843, -0.0308475, 0
0.162114, -0.399614, 0
-0.240844, -0.876215, 0
0.817181, -0.49799, 0
-0.287569, -0.568388, 1
0.142668, 0.924707, 1
-0.929203, -0.0460715, 0
0.150554, 0.157785, 0
0.662258, -0.466846, 1
0.339879, 0.389439, 1
0.134667, 0.0470491, 0
0.301284, -0.373696, 0
-0.757284, -0.503495, 0
0.0998593, -0.247889, 1
-0.996637, 0.0765658, 1
0.212499, 0.523609, 1
0.569912, 0.812883, 1
-0.128559, 0.880342, 1
0.417479, 0.576927, 0
-0.328526, -0.831918, 0
0.480726, -0.359165, 0
-0.0140469, -0.678325, 1
0.668947, -0.1572, 0
0.67756, -0.419531, 1
-0.271028, -0.204924, 0
-0.763518, 0.490015, 0
-0.157864, 0.0779977, 1
-0.631947, 0.350153, 0
-0.478898, 0.763189, 0
0.304071, -0.275709, 1
0.25671, -0.370355, 0
0.57577, 0.172166, 0
0.446801, -0.752539, 1
0.475764, 0.352045, 0
-0.444361, -0.364126, 1
0.624713, 0.217457, 0
-0.417653, 0.316337, 1
-0.546406, -0.17208, 1
0.607448, -0.653698, 1
0.133196, 0.873052, 1
-0.231813, -0.569603, 1
-0.782089, 0.541605, 0
-0.278679, -0.728017, 1
-0.264995, -0.317005, 0
0.804971, -0.178154, 1
0.501096, 0.483958, 0
-0.357025, 0.390936, 1
-0.0426992, 0.6951, 0
0.485921, 0.731591, 1
-0.120533, 0.396452, 1
0.805935, -0.359554, 1
0.20084, -0.168294, 1
-0.718374, 0.485985, 0
0.239105, 0.178978, 0
0.717367, 0.577152, 1
-0.631214, 0.620529, 0
-0.347258, -0.821793, 0
-0.07161, 0.718313, 0
-0.613228, -0.76382, 0
0.660937, 0.207809, 0
-0.348085, 0.848982, 1
0.143785, 0.928508, 1
0.498476, 0.489838, 0
0.376843, 0.918137, 1
0.378543, -0.612266, 1
-0.189733, 0.91025, 1
-0.258967, 0.263986, 0
0.549768, -0.117847, 0
-0.31069, -0.397516, 0
-0.131745, -0.554062, 0
0.402751, 0.646698, 0
-0.404028, -0.0450493, 0
0.315132, 0.455014, 1
-0.396933, 0.0689735, 0
-0.272783, -0.36351, 0
-0.0184145, 0.654818, 0
-0.169749, -0.841613, 1
-0.126583, -0.350142, 0
-0.479863, -0.663008, 1
-0.29143, -0.94268, 0
0.234737, 0.301415, 1
0.192086, -0.142978, 1
-0.842732, 0.0406041, 0
-0.450738, -0.34192, 1
0.303268, 0.201116, 1
0.347898, -0.935441, 0
-0.411973, 0.203974, 0
-0.351049, -0.93169, 0
-0.279654, -0.43343, 0
0.39116, -0.255753, 0
-0.717301, 0.0531632, 1
-0.0748134, -0.757697, 1
0.134997, 0.0819557, 0
-0.757697, 0.320326, 0
-0.736576, -0.117404, 1
0.262989, 0.134866, 1
-0.245716, -0.35488, 0
-0.39787, 0.118163, 0
-0.504188, -0.465469, 1
-0.310528, -0.0262188, 0
-0.212527, -0.741737, 1
-0.217423, 0.623118, 0
-0.617889, -0.211652, 1
0.57448, 0.332205, 0
0.10876, -0.615356, 0
-0.948401, 0.0951839, 0
-0.763238, 0.356177, 0
0.397707, 0.501951, 0
-0.93809, 0.00126969, 0
-0.532113, -0.393269, 1
0.772172, -0.541156, 1
-0.464352, -0.51549, 1
-0.903277, -0.408994, 0
-0.391328, -0.606956, 1
0.0918476, -0.953745, 0
0.140846, -0.500201, 0
0.902719, 0.248893, 1
-0.200397, 0.268285, 0
-0.494607, -0.669563, 0
0.897458, -0.252759, 1
0.852487, -0.218976, 1
0.0135826, -0.142123, 1
0.128836, 0.496736, 1
0.0899409, -0.232144, 1
0.835351, -0.119946, 1
0.217983, -0.611427, 0
-0.349851, 0.726442, 0
0.0944885, -0.19289, 1
0.172388, 0.843252, 1
-0.0976264, -0.696929, 1
0.678119, -0.676011, 0
0.839281, -0.475699, 0
0.111326, 0.804215, 0
0.492429, 0.732759, 1
-0.0455211, -0.423734, 0
0.769069, 0.590029, 1
-0.649999, -0.281639, 1
0.0919121, 0.373072, 1
-0.0697962, 0.302917, 0
-0.0350062, 0.744793, 0
-0.303959, 0.249, 0
-0.426669, -0.305368, 0
-0.260297, 0.118106, 0
-0.353645, 0.773046, 0
0.597859, -0.673483, 1
-0.859467, -0.453743, 0
-0.19104, -0.471467, 0
0.104178, -0.661688, 1
0.882759, -0.441523, 0
-0.403034, -0.794312, 0
-0.577141, -0.518886, 1
-0.0888461, -0.639961, 1
0.072336, 0.331199, 0
0.658903, -0.54401, 1
-0.0879005, -0.308798, 1
0.327526, -0.0905359, 1
-0.125042, -0.708185, 1
0.811802, -0.224765, 1
0.150301, 0.69619, 0
0.586495, 0.759606, 1
0.405827, 0.392219, 0
0.236808, 0.428912, 1
-0.443771, 0.776992, 0
0.0534264, -0.360507, 1
-0.169063, 0.2106, 0
0.409153, 0.178042, 1
-0.592391, 0.512047, 0
-0.686687, -0.118906, 1
-0.746248, 0.479777, 0
0.11076, -0.760346, 1
-0.486049, 0.451301, 1
0.0611647, 0.0943484, 0
-0.211248, 0.636486, 0
-0.499718, -0.213221, 1
-0.682017, 0.601397, 0
0.00747231, -0.939248, 0
0.605137, -0.0535937, 0
-0.437166, 0.0930363, 0
-0.783829, 0.293418, 0
0.36291, 0.163853, 1
-0.261718, -0.619441, 1
-0.447733, -0.836908, 0
0.244919, 0.824761, 1
-0.210366, -0.880009, 0
-0.479735, 0.320874, 1
-0.552184, 0.251688, 1
0.541033, 0.644982, 1
-0.0723316, 0.0242801, 1
0.788596, 0.339821, 1
-0.682222, -0.19317, 1
0.334154, -0.520138, 0
-0.76493, 0.448389, 0
0.782553, -0.392118, 1
0.3595, 0.393954, 1
0.781329, 0.0694257, 1
-0.883206, 0.0737812, 0
0.0112475, 0.965129, 1
0.234951, 0.574619, 0
-0.310405, 0.532163, 1
-0.147466, 0.127179, 0
0.292125, 0.798673, 1
0.31947, -0.176157, 1
-0.521175, -0.662926, 0
-0.728305, 0.177726, 0
0.320024, -0.243509, 1
0.199726, 0.121745, 0
-0.775477, 0.219331, 0
-0.454814, -0.659375, 1
0.00921857, -0.718953, 1
0.141178, -0.456812, 0
-0.500227, 0.552184, 0
-0.760704, -0.532996, 0
-0.735537, -0.517361, 0
0.544149, -0.00460157, 0
0.32183, 0.748294, 0
0.182174, 0.167072, 0
0.401362, 0.218204, 1
-0.136037, -0.251876, 1
0.216384, -0.503361, 0
-0.906083, 0.14415, 0
-0.182249, -0.635955, 1
-0.732839, 0.526733, 0
0.295808, -0.222301, 1
0.402612, -0.601112, 1
0.289919, 0.398142, 1
-0.481801, -0.521786, 1
0.856663, -0.233927, 1
0.360755, -0.41388, 0
-0.413646, -0.405008, 1
0.154089, 0.317037, 1
-0.823062, -0.48165, 0
-0.769133, 0.636977, 1
-0.479129, 0.376067, 1
-0.771475, -0.614554, 0
-0.159862, -0.108076, 1
-0.879744, 0.342243, 0
-0.497387, -0.128452, 0
0.601131, -0.112425, 0
0.772922, -0.0628324, 1
0.625708, -0.503911, 1
-0.200236, 0.895907, 1
-0.515187, -0.625072, 1
0.369152, 0.626653, 0
0.504393, 0.494624, 0
0.00282827, -0.518238, 0
-0.0752575, -0.762429, 1
-0.136925, -0.0132298, 1
-0.500728, 0.412927, 1
0.124536, -0.744521, 1
-0.821979, -0.166984, 0
-0.420709, 0.00789668, 0
0.357899, -0.195278, 1
-0.10185, 0.599037, 1
-0.580737, 0.0663165, 1
-0.0899645, 0.203118, 0
0.792594, 0.02564, 1
-0.146841, -0.299601, 1
-0.799059, -0.166471, 0
0.162389, -0.910217, 0
0.0374018, -0.403124, 0
0.0172643, -0.845647, 1
0.100793, 0.289712, 0
0.0424084, 0.904781, 1
0.207244, -0.1729, 1
0.534433, 0.2631, 0
0.118498, -0.562802, 0
0.601381, -0.435462, 1
-0.387836, -0.885852, 0
0.621746, 0.214441, 0
-0.42881, 0.709661, 0
-0.65528, 0.681493, 1
0.0873337, 0.0602977, 0
-0.411161, 0.713282, 0
0.638296, -0.454719, 1
0.178309, 0.132336, 0
0.794698, -0.166167, 1
-0.604533, 0.104053, 1
0.115546, 0.395412, 1
-0.0109387, -0.731013, 1
-0.213262, 0.83459, 0
-0.461929, 0.135508, 1
-0.59494, -0.781761, 0
-0.50174, 0.0049573, 1
-0.492022, -0.351108, 1
0.617578, 0.247547, 0
-0.504337, -0.325977, 1
-0.600476, -0.240367, 1
0.654112, 0.539602, 1
-0.819312, -0.42533, 0
-0.401064, -0.530666, 1
-0.681747, -0.355145, 1
-0.528168, 0.155592, 1
-0.565406, -0.592088, 0
0.0545061, -0.051259, 0
0.211243, 0.115984, 0
0.577279, 0.395261, 0
-0.0657492, -0.624801, 1
-0.243734, 0.271401, 0
0.142853, 0.368177, 1
0.125894, -0.827169, 1
0.30688, -0.280713, 1
-0.00482561, 0.917357, 1
0.277692, -0.424841, 0
0.328893, 0.159935, 1
-0.0381392, 0.233741, 0
0.521275, -0.0391971, 0
0.860717, -0.20813, 1
-0.699414, 0.36591, 0
-0.76438, -0.487372, 0
0.648894, -0.411545, 1
-0.378955, 0.74649, 0
0.554604, 0.540983, 0
0.131858, 0.439446, 1
-0.443357, 0.542652, 0
-0.115881, 0.766573, 0
-0.191127, 0.0631379, 1
-0.484704, 0.870802, 1
0.103027, -0.835329, 1
0.125459, -0.0143617, 0
0.030339, 0.0394673, 1
0.375297, 0.251107, 1
0.342252, -0.471205, 0
0.268138, 0.727722, 0
-0.230226, -0.973089, 0
-0.457294, 0.00848857, 0
-0.833402, 0.173075, 0
-0.955118, 0.0165053, 0
0.0465345, 0.842854, 0
0.802487, -0.337607, 1
0.466498, 0.125467, 1
-0.0855879, 0.669821, 0
-0.103724, 0.782105, 0
0.865876, 0.06199, 1
-0.913841, -0.379839, 0
0.856504, -0.456281, 0
0.499521, 0.710745, 1
0.497498, 0.0315783, 1
-0.309126, -0.313607, 0
0.562414, 0.433042, 0
-0.860682, -0.178208, 0
-0.176443, -0.72371, 1
-0.880946, 0.0928184, 0
0.687215, -0.104856, 0
-0.400521, -0.736777, 0
-0.763125, 0.058919, 0
0.782465, -0.188491, 1
-0.676182, 0.245311, 1
0.166408, 0.065585, 0
0.386051, -0.686927, 1
0.190055, -0.362347, 1
0.864582, -0.395597, 1
0.624474, 0.652849, 1
0.215962, 0.275082, 1
-0.30436, -0.489147, 0
0.257276, -0.954681, 0
-0.23501, 0.933825, 1
-0.00512806, -0.00277682, 0
0.393988, 0.342661, 1
0.291298, -0.00819752, 1
-0.0524829, -0.914987, 0
0.421251, 0.517228, 0
-0.546578, -0.337447, 1
-0.259606, -0.609469, 1
0.226806, 0.782708, 0
-0.35813, -0.891418, 0
0.329794, 0.0822104, 1
0.00491904, -0.0787451, 0
0.507646, 0.744625, 1
-0.400262, 0.723601, 0
0.896653, 0.246272, 1
-0.432312, 0.319861, 1
0.214473, -0.51024, 0
0.170245, 0.00482732, 0
-0.386591, -0.0781922, 0
0.510291, -0.188432, 0
-0.0103362, 0.85352, 0
0.0219888, -0.385613, 0
0.0389896, 0.142546, 0
-0.00117503, -0.53125, 0
-0.534931, -0.536215, 1
0.0939813, 0.15435, 0
0.944084, -0.237623, 1
-0.308441, -0.613044, 1
0.0834477, -0.677359, 1
-0.19036, 0.846888, 0
0.28812, 0.0962382, 1
-0.191525, 0.864663, 0
0.141742, -0.910415, 0
0.417548, 0.248018, 1
0.381347, -0.263958, 0
-0.311993, -0.0735318, 0
-0.851087, -0.113476, 0
-0.776542, 0.567681, 1
-0.334107, 0.25366, 0
0.56353, 0.524374, 0
-0.351947, -0.302205, 0
-0.435332, 0.547982, 0
0.199678, 0.412505, 1
0.0497557, 0.11652, 0
-0.377311, 0.224835, 0
-0.506784, 0.100761, 1
-0.272378, 0.601297, 0
-0.231112, -0.696642, 1
0.878306, -0.3143, 1
-0.28178, -0.849407, 0
-0.308164, -0.839432, 0
-0.223656, -0.738779, 1
-0.254799, 0.398296, 1
0.309075, -0.841776, 1
-0.877191, -0.3669, 0
0.0315105, 0.349471, 0
0.372887, 0.0881466, 1
-0.134109, 0.379753, 1
0.28136, -0.955872, 0
-0.367214, -0.112438, 0
0.128661, -0.128305, 0
-0.803334, -0.365548, 0
-0.90875, 0.0546454, 0
0.203023, -0.321241, 1
0.424159, 0.848232, 1
0.256163, 0.180464, 1
-0.669753, 0.176302, 1
0.181312, -0.70964, 1
-0.50629, -0.80349, 0
-0.602908, -0.276457, 1
0.200131, -0.220957, 1
0.393396, -0.84852, 0
-0.331429, 0.448697, 1
-0.604167, -0.532028, 1
0.530003, 0.483084, 0
-0.272312, -0.148645, 0
-0.829162, -0.227251, 0
0.545932, -0.219056, 0
-0.55702, -0.793739, 0
0.267356, 0.0808455, 1
-0.73162, 0.28768, 0
-0.344447, 0.89662, 1
0.396587, -0.854755, 0
0.460226, -0.0936886, 1
0.676018, 0.150173, 0
-0.722607, -0.685731, 0
-0.0553798, -0.710529, 1
-0.0518024, 0.836958, 0
0.110191, 0.297478, 0
0.132881, 0.0610554, 0
0.902262, -0.162154, 1
0.24461, 0.369748, 1
0.855336, 0.517084, 1
-0.23103, 0.721957, 0
-0.654758, 0.000332937, 1
0.0885752, -0.714113, 1
0.196066, -0.618099, 0
0.742308, -0.218021, 1
0.421736, -0.557337, 1
-0.16678, -0.120775, 1
-0.0170277, -0.335596, 1
-0.020306, -0.184462, 1
-0.157033, 0.366802, 0
-0.275106, -0.310599, 0
0.329314, 0.34602, 1
0.579762, -0.662591, 1
0.00956697, -0.397383, 0
0.571517, -0.430479, 1
-0.933034, 0.00553192, 0
0.335436, -0.932523, 0
-0.404977, -0.430286, 1
-0.412682, -0.173282, 0
-0.622386, -0.280506, 1
0.90036, -0.00677179, 1
-0.0151065, -0.697573, 1
-0.308911, 0.782347, 0
0.22735, -0.72226, 1
-0.304831, 0.222042, 0
0.626045, 0.120512, 0
-0.211121, 0.556069, 1
-0.829581, 0.134887, 0
0.354038, -0.341385, 0
-0.0884193, -0.137313, 1
-0.191949, -0.69289, 1
0.0391655, 0.673995, 0
-0.571986, 0.319875, 1
0.0618124, -0.305616, 1
0.260843, 0.829854, 1
-0.136308, -0.702415, 1
-0.197635, -0.00104607, 1
-0.324422, -0.794516, 0
-0.287253, 0.757494, 0
-0.96038, -0.266498, 0
0.416336, -0.709328, 1
0.705978, -0.320851, 1
-0.476619, 0.0727605, 0
0.881914, 0.271016, 1
-0.367816, -0.0819693, 0
0.112127, -0.48848, 0
0.734973, 0.520662, 1
-0.260505, -0.503747, 0
0.021856, 0.156802, 0
-0.597158, 0.577032, 0
-0.0303369, 0.824326, 0
0.390359, -0.782277, 1
-0.0208847, -0.177634, 1
0.195129, 0.525606, 1
0.406062, -0.837683, 0
0.447523, 0.181236, 1
0.255516, 0.796468, 0
-0.745467, -0.262575, 0
-0.307873, -0.900365, 0
0.488424, 0.212496, 1
0.949897, 0.268949, 1
-0.779673, -0.410586, 0
-0.697707, -0.402719, 0
0.688635, -0.253331, 1
0.100544, -0.828966, 1
0.466598, -0.523262, 1
0.844574, -0.279945, 1
-0.582735, -0.278309, 1
0.141643, 0.553862, 1
-0.0149261, 0.767132, 0
-0.30282, -0.519511, 1
-0.326467, -0.685087, 1
0.805198, 0.0105615, 1
-0.59909, -0.234394, 1
0.194165, -0.230162, 1
-0.139379, -0.498012, 0
-0.747395, 0.60792, 1
0.105097, -0.184055, 1
0.361501, -0.340469, 0
-0.246597, -0.465707, 0
-0.00302208, -0.272424, 1
0.640506, -0.348963, 1
-0.430644, -0.242142, 0
0.405795, 0.675847, 0
-0.501814, -0.799805, 0
0.252896, -0.161632, 1
-0.111388, 0.135502, 1
0.762814, 0.079705, 1
0.157414, -0.666259, 1
-0.204409, -0.743172, 1
-0.276043, -0.837975, 0
-0.539957, 0.234193, 1
0.730364, 0.229217, 0
-0.539726, 0.557468, 0
-0.773439, 0.00793342, 0
-0.28979, 0.363638, 1
-0.821642, 0.0377038, 0
-0.662098, 0.722296, 1
-0.452132, -0.26079, 0
-0.178908, -0.733982, 1
-0.918517, -0.18721, 0
0.786192, 0.391368, 1
0.0286298, 0.739641, 0
0.321916, -0.298676, 1
0.116751, -0.956686, 0
0.320788, 0.500049, 0
-0.115468, -0.914091, 0
0.659163, -0.108766, 0
0.749902, 0.46022, 1
0.0167338, 0.530921, 1
0.65004, 0.507956, 1
0.421992, -0.595433, 1
0.257689, 0.171011, 1
0.00131072, 0.111928, 1
-0.0548258, -0.911164, 0
-0.872068, 0.0151985, 0
-0.479862, -0.543466, 1
0.174295, -0.14362, 1
0.174168, -0.960074, 0
0.630929, 0.135284, 0
0.175874, 0.528576, 1
-0.385916, 0.367076, 1
0.0316854, -0.445885, 0
0.270135, 0.855847, 1
-0.367761, -0.655107, 1
-0.692836, 0.304845, 0
-0.74013, -0.452422, 0
-0.0610728, 0.27747, 0
-0.395477, 0.508437, 1
-0.985226, -0.0950243, 0
0.314321, 0.934241, 1
0.524559, -0.555618, 1
-0.0178866, -0.968458, 0
0.598233, 0.0656201, 0
0.0170952, -0.850294, 1
0.930381, 0.222697, 1
-0.403348, -0.128354, 0
0.849736, 0.483519, 1
-0.782761, -0.155601, 0
-0.213696, 0.223537, 0
0.817023, -0.118428, 1
-0.170375, 0.691069, 0
-0.744885, 0.560996, 0
-0.561753, -0.244839, 1
0.153771, 0.721147, 0
0.606259, 0.496912, 0
0.153776, 0.953177, 1
-0.567032, -0.251689, 1
0.215275, 0.497748, 1
-0.414551, 0.816177, 1
0.424421, 0.823465, 1
0.383136, -0.66813, 1
-0.399259, -0.534791, 1
-0.569298, -0.333909, 1
-0.445766, -0.700828, 0
0.241102, -0.642149, 1
-0.138352, 0.632264, 0
0.137531, -0.0532693, 0
-0.0843529, -0.120838, 1
-0.0790234, 0.771911, 0
-0.177152, 0.381706, 1
0.875, 0.272112, 1
-0.00930912, -0.521827, 0
0.547625, 0.21712, 0
0.498405, 0.467077, 0
0.761882, 0.0245706, 1
0.153684, 0.603191, 0
0.460103, 0.0253688, 1
0.209636, -0.922285, 0
-0.30099, -0.314255, 0
-0.516637, 0.348354, 1
-0.503722, -0.0937929, 0
0.0955946, -0.954113, 0
0.0078185, -0.225508, 1
-0.0876873, -0.285421, 1
-0.652819, -0.230895, 1
-0.796677, 0.375368, 0
0.116949, -0.62165, 0
0.442771, 0.630444, 0
-0.400688, 0.614995, 0
-0.030975, 0.785311, 0
-0.897658, -0.438367, 0
-0.271033, -0.201867, 0
-0.667308, -0.388485, 1
-0.488892, 0.0339182, 0
-0.202555, -0.319405, 0
-0.561234, -0.542997, 1
-0.844742, -0.0372715, 0
0.168504, 0.798729, 0
-0.472214, 0.00946932, 0
-0.476363, -0.74269, 0
-0.0534538, -0.164128, 1
-0.30876, -0.301258, 0
0.731603, 0.280249, 1
-0.443434, 0.726358, 0
0.497012, -0.106288, 0
0.673498, 0.0670266, 0
-0.0645571, 0.0387012, 1
-0.413964, -0.41518, 1
0.541484, -0.229614, 0
-0.165475, -0.151132, 1
-0.625309, -0.718598, 0
-0.717066, 0.571378, 0
0.198054, 0.97704, 1
0.846675, 0.0379499, 1
-0.784967, -0.115168, 0
0.401158, 0.594032, 0
0.0946981, -0.0170962, 0
0.336325, -0.469976, 0
-0.168931, -0.224448, 1
-0.184062, -0.688839, 1
0.0561663, -0.083469, 0
0.131893, -0.230028, 1
0.478905, 0.223507, 1
-0.141714, -0.930518, 0
-0.210133, -0.816238, 1
-0.490563, -0.744797, 0
-0.235417, -0.58623, 1
0.354253, -0.611862, 1
-0.604145, 0.112699, 1
-0.0894202, -0.0372572, 1
-0.209199, -0.320068, 0
-0.406701, -0.687151, 1
-0.567542, 0.669207, 0
-0.26266, -0.264474, 0
0.0804918, 0.831771, 0
-0.396839, -0.785161, 0
0.692835, -0.271169, 1
-0.239391, 0.355306, 1
-0.113011, -0.052666, 1
0.127939, 0.94771, 1
0.503658, 0.0674139, 1
0.422704, -0.103318, 1
0.608049, -0.293448, 0
0.626712, -0.261719, 0
-0.121634, -0.633899, 1
-0.0796334, 0.11807, 1
0.202086, -0.92421, 0
0.47089, 0.0356739, 1
-0.939343, -0.211802, 0
-0.660887, 0.154642, 1
0.0168822, -0.348828, 1
-0.786351, 0.372462, 0
0.570583, -0.0570294, 0
0.776984, -0.226229, 1
0.984486, -0.0348501, 1
0.872021, -0.267211, 1
-0.341823, 0.623834, 0
-0.00993657, 0.683429, 0
-0.0633402, -0.718613, 1
0.621001, 0.560271, 1
-0.451617, -0.495458, 1
0.748161, 0.0388054, 0
-0.185217, 0.224729, 0
0.0164533, -0.272651, 1
0.283021, 0.511224, 1
0.0244563, 0.00483897, 0
0.205686, 0.241813, 0
0.184736, -0.543262, 0
-0.502115, 0.85578, 1
-0.119255, -0.385128, 0
-0.423905, -0.516691, 1
-0.815258, -0.444925, 0
0.107244, -0.848762, 1
-0.112577, 0.154236, 0
0.623048, -0.528394, 1
-0.0961409, -0.248732, 1
0.812239, 0.513524, 1
0.170281, -0.506065, 0
0.557166, -0.328188, 0
0.395714, 0.110986, 1
0.277057, 0.923877, 1
0.286166, 0.852449, 1
0.0926248, -0.899505, 0
-0.289369, -0.296933, 0
-0.281059, 0.420177, 1
-0.764717, -0.439605, 0
-0.409386, -0.82463, 0
-0.853933, -0.0658799, 0
0.459536, -0.686868, 1
-0.508809, 0.747032, 0
-0.774011, -0.410812, 0
-0.109362, 0.890321, 1
0.618474, 0.0317362, 0
0.0456973, 0.862719, 0
0.0744054, 0.328139, 0
0.617746, -0.116014, 0
0.317514, 0.529102, 0
0.321653, 0.70069, 0
-0.601313, 0.0996637, 1
-0.637943, -0.398515, 1
-0.754377, -0.407848, 0
-0.0961982, 0.966367, 1
0.9104, 0.0215582, 1
-0.125303, 0.10583, 1
0.599483, 0.466825, 0
-0.840368, -0.258478, 0
0.0573265, -0.939494, 0
-0.472021, -0.197444, 0
0.174563, 0.312881, 1
0.146759, -0.893254, 0
0.729177, -0.240815, 1
0.171271, 0.734994, 0
0.750374, -0.496926, 1
0.952348, 0.0332793, 1
0.244489, -0.890881, 0
-0.246362, 0.758333, 0
-0.0759811, -0.656296, 1
-0.930476, -0.333289, 0
-0.146511, -0.888598, 0
-0.571614, 0.0743658, 1
0.335202, -0.741077, 1
0.17559, 0.683432, 0
-0.13601, -0.645127, 1
-0.588911, 0.0524192, 1
0.185864, 0.389463, 1
-0.484789, -0.380345, 1
-0.260386, -0.579453, 1
-0.919715, -0.391095, 0
0.387699, 0.0424775, 1
-0.308193, -0.248762, 0
0.670201, 0.643682, 1
0.758623, 0.423414, 1
-0.201289, -0.838542, 0
-0.625796, 0.00999801, 1
0.903591, -0.0371131, 1
0.406539, 0.392963, 0
0.827745, -0.300209, 1
0.604374, 0.0458103, 0
-0.0190971, 0.547064, 1
-0.0354677, -0.893417, 0
-0.449685, -0.00972714, 0
0.331739, -0.757564, 1
-0.484586, 0.420776, 1
-0.717533, 0.587919, 0
0.847275, 0.163431, 1
0.538309, 0.277891, 0
0.338465, 0.472009, 0
-0.0260794, 0.565778, 1
0.00105041, -0.82438, 1
-0.0999222, 0.814732, 0
0.411879, -0.421148, 0
-0.269248, 0.710468, 0
-0.837556, -0.104387, 0
-0.481487, -0.473575, 1
0.210605, -0.704996, 1
0.900548, -0.0922104, 1
0.256445, -0.581421, 0
-0.194408, 0.698499, 0
-0.591305, 0.54454, 0
0.175956, -0.795215, 1
-0.714996, -0.476734, 0
0.703266, 0.57933, 1
-0.648954, -0.39571, 1
0.262189, 0.0876785, 1
0.333121, -0.900801, 0
-0.362634, 0.405545, 1
0.36006, -0.682359, 1
0.241598, -0.0725392, 1
0.248031, -0.144183, 1
-0.973403, 0.17088, 1
-0.1179, -0.75236, 1
-0.53157, -0.0885996, 1
0.796528, 0.112167, 1
-0.0476938, -0.846137, 1
0.203243, 0.0696868, 0
-0.824532, -0.289023, 0
0.423694, 0.593653, 0
0.128807, -0.702941, 1
0.0480359, -0.355868, 1
-0.176315, -0.692327, 1
0.725741, 0.494127, 1
-0.479282, 0.730707, 0
-0.402401, -0.842225, 0
-0.814146, -0.525973, 0
-0.588548, 0.738923, 1
-0.627697, 0.202089, 1
-0.876775, -0.332436, 0
-0.525076, -0.168343, 1
-0.691013, -0.466236, 0
0.27501, 0.462117, 1
0.116342, -0.0904568, 0
0.796621, -0.077603, 1
0.0535848, -0.804377, 1
0.159096, -0.485427, 0
0.947461, 0.204374, 1
0.283657, 0.501031, 1
0.575338, 0.374313, 0
0.403109, 0.75966, 1
-0.832663, -0.0746021, 0
-0.958044, 0.0659918, 0
-0.38356, 0.6512, 0
0.378745, -0.331946, 0
-0.200408, 0.902408, 1
0.35358, 0.424577, 1
0.116919, -0.35941, 1
-0.169703, 0.474755, 1
-0.0404261, 0.577076, 1
0.379578, -0.596286, 1
-0.691826, -0.61833, 0
0.69917, 0.46204, 1
0.480658, -0.682535, 1
0.32071, 0.499364, 0
0.663012, -0.184057, 0
-0.00254142, 0.769423, 0
-0.629841, 0.721925, 1
0.277196, 0.0651478, 1
-0.0398921, 0.171377, 0
0.745846, 0.650546, 1
0.940465, 0.334905, 1
0.738821, 0.00300027, 0
0.725166, -0.666425, 0
-0.748224, 0.44906, 0
-0.194158, -0.970344, 0
-0.796296, 0.528843, 1
0.62713, 0.0525527, 0
-0.678121, -0.188635, 1
-0.0520781, -0.826417, 1
0.484886, 0.360237, 0
0.446043, 0.365646, 0
-0.500293, -0.181108, 1
-0.0515137, -0.0558861, 1
0.542069, -0.114294, 0
0.339086, -0.0504042, 1
0.706862, -0.0944901, 0
0.1314, 0.115729, 0
0.234324, 0.255561, 1
-0.00587316, 0.659295, 0
-0.548947, 0.709553, 0
0.100814, -0.0218977, 0
-0.494535, 0.522791, 0
-0.515339, -0.76937, 0
-0.480939, 0.379206, 1
-0.777863, -0.404934, 0
0.332514, -0.845948, 0
-0.223857, -0.706675, 1
-0.230085, 0.521185, 1
0.906098, 0.168502, 1
-0.322185, 0.603431, 0
0.973621, 0.0158977, 1
-0.712668, 0.697715, 1
0.152548, -0.820926, 1
0.0646513, -0.665154, 1
-0.575372, 0.114463, 1
-0.613038, 0.268827, 1
-0.437503, 0.567158, 0
0.376838, 0.372779, 1
-0.153535, 0.77532, 0
-0.793833, -0.346444, 0
0.464333, 0.210947, 1
-0.612461, -0.0386416, 1
-0.677681, -0.086646, 1
0.749042, -0.0163742, 1
0.352199, -0.505783, 0
0.0746558, 0.0482008, 0
0.401875, 0.719718, 0
0.0748702, 0.571862, 1
0.0876388, 0.643106, 0
0.143309, 0.0111724, 0
0.95771, -0.0627801, 1
-0.121563, 0.242539, 0
0.0799249, 0.70218, 0
-0.156812, -0.711568, 1
-0.517767, -0.193148, 1
0.0513339, 0.829838, 0
-0.0132378, -0.207592, 1
-0.714173, 0.669974, 1
-0.572612, -0.537379, 1
-0.899792, 0.171133, 0
0.156018, 0.622419, 0
0.163544, -0.899762, 0
-0.856721, 0.272111, 0
-0.194728, 0.412144, 1
-0.274645, 0.125707, 0
-0.314465, -0.903931, 0
-0.338565, -0.842541, 0
-0.526065, 0.651382, 0
0.599209, -0.225917, 0
-0.235626, 0.900023, 1
-0.406654, -0.177568, 0
-0.331428, 0.819215, 0
-0.774276, 0.404867, 0
-0.881584, 0.0620275, 0
-0.200408, 0.134822, 0
0.56864, 0.226364, 0
0.955298, -0.240845, 0
-0.490713, -0.0497162, 0
-0.341209, 0.335548, 1
-0.716391, -0.0498881, 1
-0.762547, 0.5392, 0
-0.929097, -0.353447, 0
0.717616, -0.658075, 0
-0.234649, 0.148312, 0
0.171505, -0.253851, 1
-0.834563, -0.296769, 0
0.109244, -0.732005, 1
-0.209708, 0.773501, 0
-0.410775, 0.511609, 1
-0.0322668, -0.17354, 1
0.24487, 0.172435, 1
0.533822, -0.657615, 1
-0.444505, -0.299113, 0
-0.103504, -0.921908, 0
0.371665, -0.707612, 1
0.620918, -0.1684, 0
0.779469, -0.0474138, 1
-0.791906, -0.421559, 0
0.447776, 0.340489, 0
-0.242461, -0.0347884, 1
-0.0347457, 0.0735069, 1
-0.361939, 0.0172261, 0
0.341198, 0.863273, 1
0.503373, -0.270423, 0
-0.395029, 0.689202, 0
0.288075, 0.545195, 0
-0.755643, 0.0217273, 0
0.852837, -0.0794463, 1
-0.29598, 0.0758351, 0
0.526476, -0.368643, 0
-0.351182, -0.474026, 1
0.221668, -0.369278, 0
-0.510885, -0.020392, 1
-0.041828, 0.204263, 0
0.718171, -0.0173315, 0
-0.396129, -0.179059, 0
0.322346, -0.725856, 1
0.23248, 0.899742, 1
-0.530159, -0.0970761, 1
0.55428, 0.803357, 1
0.51047, 0.583598, 0
-0.689674, 0.534913, 0
0.722381, 0.608299, 1
0.105479, -0.18942, 1
-0.70052, 0.25302, 0
-0.602294, -0.316636, 1
0.412912, -0.63571, 1
0.558726, -0.388203, 0
-0.0837881, 0.871238, 0
-0.888157, 0.135491, 0
-0.301665, -0.919669, 0
0.967877, -0.127075, 1
0.768704, 0.573025, 1
-0.190144, -0.734887, 1
0.41838, 0.614549, 0
-0.571816, -0.216487, 1
-0.707865, 0.0455306, 1
0.230208, -0.106712, 1
-0.496629, 0.17169, 1
-0.973286, 0.185833, 1
-0.0112873, -0.0477646, 0
-0.572733, -0.225346, 1
-0.135018, 0.345037, 0
0.674549, -0.0553477, 0
0.671037, 0.298032, 0
0.406517, -0.762474, 1
0.124436, -0.21089, 1
0.0308373, 0.724421, 0
0.0357857, -0.394602, 0
0.877723, 0.103118, 1
0.215347, 0.0898907, 0
-0.610728, 0.228922, 1
0.759408, 0.279461, 1
-0.565537, -0.381279, 1
-0.630829, -0.263855, 1
-0.510374, 0.271629, 1
-0.227644, -0.608734, 1
-0.717643, 0.579891, 0
0.604164, 0.287824, 0
-0.386861, -0.412599, 1
-0.248337, -0.840433, 0
-0.555845, -0.0118496, 1
-0.082929, 0.281709, 0
-0.990654, -0.044375, 0
0.815381, 0.547094, 1
-0.41979, 0.679204, 0
0.887714, -0.0092939, 1
0.374489, -0.671322, 1
0.298594, 0.194131, 1
0.460927, 0.1278, 1
0.153437, -0.988047, 0
0.858104, -0.324681, 1
-0.579057, 0.780173, 1
0.156146, 0.852336, 1
-0.0374244, -0.927752, 0
0.255111, -0.574533, 0
-0.636212, 0.11131, 1
0.179259, -0.529214, 0
0.735973, -0.0361862, 0
-0.413255, -0.534542, 1
0.724577, -0.158027, 1
0.222078, -0.598415, 0
-0.277421, -0.791945, 1
-0.887259, -0.275201, 0
-0.124709, 0.166478, 0
-0.218704, 0.940707, 1
-0.596641, -0.801544, 0
-0.563023, -0.532698, 1
0.183752, 0.570328, 1
0.54076, -0.236629, 0
-0.486135, 0.403763, 1
-0.333611, -0.221216, 0
-0.453425, 0.231125, 1
-0.36484, -0.634474, 1
-0.27311, -0.143819, 0
-0.439388, -0.604436, 1
0.193931, -0.254574, 1
0.579929, -0.705048, 1
-0.424058, 0.56989, 0
-0.574139, -0.299882, 1
-0.424193, 0.328577, 1
-0.0828892, 0.201313, 0
0.152096, -0.488287, 0
-0.4628, -0.798621, 0
0.717914, -0.139994, 0
0.0157221, -0.478759, 0
0.570605, -0.09266, 0
-0.942193, 0.0397545, 0
-0.313863, -0.687867, 1
0.103079, -0.090066, 0
0.0387464, 0.738945, 0
-0.0448929, -0.134852, 1
0.00225685, -0.595774, 0
-0.0412524, 0.964649, 1
0.415097, 0.341174, 1
0.460426, 0.3684, 0
-0.224502, 0.0143453, 1
-0.713159, 0.661425, 1
-0.0950142, 0.349834, 0
0.706055, 0.491302, 1
-0.60238, -0.241218, 1
-0.0253158, -0.290568, 1
-0.552969, -0.784756, 0
0.814122, 0.0184242, 1
-0.280179, 0.509574, 1
-0.20006, 0.425955, 1
0.170457, -0.561112, 0
0.0760668, -0.901425, 0
0.0280699, 0.983519, 1
0.395504, -0.778048, 1
0.0720188, -0.227172, 1
0.721344, -0.153058, 1
0.0263513, -0.49888, 0
0.434274, -0.603094, 1
-0.74203, -0.353692, 0
0.689412, 0.0161323, 0
0.106038, -0.896274, 0
0.867089, 0.487163, 1
-0.684303, -0.444033, 0
-0.182179, 0.274514, 0
-0.954959, -0.253054, 0
-0.955092, 0.257654, 1
0.726572, 0.517102, 1
0.69489, -0.0283747, 0
0.425881, 0.76595, 1
0.141089, -0.484964, 0
-0.253554, 0.807996, 0
-0.155276, -0.426582, 0
-0.180287, -0.375652, 0
-0.29434, -0.092767, 0
0.36272, -0.240014, 1
-0.694516, 0.545178, 0
0.109125, 0.635708, 0
-0.422796, -0.551637, 1
0.43065, 0.42639, 0
-0.439047, -0.608177, 1
0.584766, -0.566402, 1
0.780628, -0.0733929, 1
-0.333492, -0.337984, 0
-0.359671, -0.885877, 0
-0.274069, 0.0528886, 0
-0.28203, -0.11301, 0
0.700815, 0.17228, 0
-0.419436, -0.638448, 1
-0.0626169, 0.596238, 1
-0.107815, -0.340249, 0
0.966782, -0.208277, 0
0.574297, 0.640364, 1
-0.13713, 0.509755, 1
0.371599, -0.650754, 1
-0.991773, 0.0640918, 0
-0.452938, -0.240041, 0
0.848502, 0.199187, 1
0.754535, -0.377625, 1
0.0284236, -0.780961, 1
-0.371863, 0.488943, 1
0.193453, 0.0490835, 0
-0.618637, 0.268533, 1
-0.0143, 0.545771, 1
0.275823, -0.251359, 1
-0.665951, 0.528794, 0
0.475391, -0.0186914, 1
-0.360698, -0.851405, 0
0.713668, -0.470038, 1
0.222569, -0.891806, 0
0.473996, -0.0477935, 1
0.861912, -0.273931, 1
-0.295089, 0.487541, 1
0.561477, 0.0135515, 0
-0.38746, 0.477825, 1
-0.504993, -0.242145, 1
0.715354, -0.270173, 1
0.082174, -0.360553, 1
-0.304471, -0.14902, 0
0.329902, -0.224568, 1
0.249308, 0.323559, 1
0.362532, 0.085573, 1
-0.410956, 0.887176, 1
0.228678, 0.100786, 0
-0.0176574, -0.749438, 1
0.320163, -0.252134, 1
0.610805, -0.503158, 1
0.0570392, -0.133905, 0
0.773196, -0.166033, 1
-0.00760443, -0.211492, 1
-0.913763, 0.389196, 1
-0.883806, -0.157042, 0
0.816558, 0.0631441, 1
0.0730572, 0.638622, 0
0.843255, -0.164182, 1
0.0590988, 0.0571798, 0
0.164021, -0.23243, 1
0.454635, 0.223374, 1
0.177804, 0.687376, 0
0.372717, 0.664272, 0
-0.244528, -0.455835, 0
-0.557348, 0.747336, 1
-0.23295, -0.366641, 0
-0.161506, 0.94629, 1
0.323095, 0.808365, 1
-0.789396, -0.0836316, 0
0.913686, -0.149702, 1
-0.69206, -0.34664, 1
-0.211442, -0.670172, 1
-0.248786, 0.949072, 1
0.157051, -0.129544, 1
0.703887, -0.309449, 1
0.520352, -0.545727, 1
0.675293, 0.416555, 0
0.470115, -0.824642, 0
0.122379, 0.887419, 1
-0.31511, -0.252982, 0
-0.718953, -0.47061, 0
0.720449, -0.00358377, 0
-0.617905, 0.421352, 0
0.170637, -0.794008, 1
0.574577, 0.211913, 0
0.157759, 0.234901, 0
-0.30787, 0.80246, 0
-0.397227, -0.302598, 0
0.538043, 0.0975814, 0
0.29047, 0.53021, 0
-0.4915, -0.0100338, 0
-0.0376561, -0.430706, 0
-0.140925, 0.100573, 1
-0.0685754, 0.245342, 0
0.230481, 0.903424, 1
0.139043, 0.232057, 0
-0.332639, 0.573773, 1
-0.0792436, -0.859595, 1
-0.639132, -0.012483, 1
-0.987747, -0.0229119, 0
0.589909, 0.262976, 0
-0.240143, 0.0357846, 0
-0.136677, -0.534711, 0
0.715718, 0.388338, 1
0.273279, -0.924056, 0
-0.386616, -0.408474, 0
0.451709, -0.708594, 1
0.455064, -0.359682, 0
0.276275, -0.589707, 0
0.300615, -0.216082, 1
-0.829719, -0.189176, 0
-0.402097, 0.653263, 0
0.52706, -0.221205, 0
0.0387826, 0.724869, 0
-0.16059, 0.246482, 0
-0.0882722, 0.000159471, 1
-0.110705, -0.399506, 0
0.215311, -0.0274364, 0
-0.387423, -0.0215237, 0
0.676966, 0.145459, 0
0.816921, 0.505834, 1
-0.627903, 0.33107, 1
0.517968, -0.448525, 0
-0.759608, 0.325061, 0
0.321087, -0.271092, 1
0.29637, -0.927043, 0
0.0245611, -0.102405, 0
-0.366261, 0.525044, 1
0.391848, -0.0374858, 1
0.569587, 0.0983993, 0
-0.416325, 0.393098, 1
0.799814, 0.141993, 1
-0.473234, -0.778022, 0
0.170831, 0.0144458, 0
0.307194, 0.126842, 1
0.716497, 0.26646, 0
0.950374, 0.223828, 1
0.410543, 0.187618, 1
-0.444376, -0.248167, 0
0.721315, -0.648742, 0
-0.680921, 0.569652, 0
-0.496479, -0.362153, 1
0.432213, 0.0719934, 1
-0.596948, 0.542552, 0
0.132819, -0.825671, 1
-0.293118, 0.796105, 0
-0.227329, -0.383429, 0
-0.482176, -0.633358, 1
0.100986, -0.944866, 0
0.681215, -0.117896, 0
0.287683, 0.143508, 1
-0.908032, -0.0924338, 0
-0.624982, 0.646965, 0
-0.342068, 0.72311, 0
0.211193, -0.225086, 1
-0.0578912, 0.0901412, 1
0.0476826, -0.63721, 1
0.612534, -0.0190381, 0
-0.715675, 0.413553, 0
-0.132099, 0.195535, 0
0.320106, 0.0706001, 1
0.158223, 0.0784539, 0
-0.784173, 0.358527, 0
-0.285451, -0.455533, 0
0.445721, -0.818964, 0
0.476433, -0.116576, 0
-0.0995795, -0.834903, 1
-0.853034, -0.0684423, 0
0.440241, -0.176764, 0
-0.280982, 0.882896, 1
-0.483081, 0.836171, 1
0.618247, 0.0640193, 0
0.557665, -0.0290974, 0
0.58941, 0.116273, 0
-0.2895, -0.391534, 0
0.057607, -0.00638839, 0
-0.258456, -0.512829, 0
-0.259128, 0.274973, 0
0.763341, -0.457002, 1
-0.3577, 0.678821, 0
0.326002, 0.385423, 1
-0.138727, -0.989702, 0
0.0596851, -0.533031, 0
-0.259625, 0.115631, 0
0.4705, -0.380943, 0
0.531911, -0.814937, 0
0.782083, -0.304845, 1
-0.488077, 0.626547, 0
-0.462355, -0.761654, 0
-0.580383, 0.555396, 0
-0.748465, -0.304021, 0
-0.48935, -0.541739, 1
-0.656384, 0.384577, 0
0.228427, -0.522701, 0
-0.153595, -0.22083, 1
0.239727, -0.286423, 1
-0.661254, 0.0537944, 1
-0.759752, -0.331282, 0
-0.205257, 0.157147, 0
0.0687014, 0.969489, 1
-0.331009, 0.166982, 0
-0.466896, -0.303438, 1
0.724065, 0.192794, 0
-0.00191386, 0.133623, 0
0.0935879, 0.846825, 0
0.16821, 0.0129513, 0
0.019049, 0.23233, 0
-0.0611571, -0.294132, 1
0.769268, -0.389156, 1
-0.699005, 0.158629, 1
-0.557756, -0.331164, 1
-0.799366, -0.401402, 0
0.679138, 0.193359, 0
-0.636617, 0.214701, 1
-0.201037, -0.246728, 1
-0.204813, 0.271342, 0
0.143289, 0.0987456, 0
0.14348, 0.0545125, 0
-0.345361, 0.63807, 0
0.451403, 0.0159711, 1
-0.976335, 0.0682548, 0
-0.143445, 0.355176, 0
0.680696, 0.71471, 1
-0.451501, -0.455892, 1
0.114318, 0.175083, 0
0.823266, -0.327719, 1
-0.196189, 0.192246, 0
-0.459863, 0.61749, 0
0.368082, -0.459844, 0
0.590593, 0.420488, 0
0.567689, 0.0187579, 0
0.251661, 0.0956145, 0
-0.219482, -0.695131, 1
0.351226, 0.039735, 1
0.212451, 0.0510277, 0
0.457498, -0.364501, 0
0.276471, -0.510387, 0
-0.839539, -0.111185, 0
0.308347, -0.697832, 1
-0.601116, 0.106914, 1
-0.462598, -0.806387, 0
-0.808709, 0.360331, 0
0.0140259, 0.0688537, 1
-0.57567, 0.0206422, 1
-0.479809, 0.738669, 0
-0.946134, 0.193937, 0
-0.524827, -0.500964, 1
0.715048, 0.255132, 0
-0.98425, 0.0379712, 0
0.094064, 0.828554, 0
0.14557, 0.731305, 0
0.144676, -0.301483, 1
-0.960779, -0.125747, 0
0.0200718, 0.665616, 0
0.67086, -0.397084, 1
0.872692, -0.348809, 1
-0.397099, -0.520254, 1
-0.231546, 0.912459, 1
-0.439448, -0.724798, 0
0.419856, -0.48231, 0
0.547632, 0.800945, 1
0.152868, -0.146776, 1
0.284389, 0.0589783, 1
-0.499382, 0.741033, 0
0.0075536, -0.822164, 1
0.229946, -0.232443, 1
0.916318, 0.206549, 1
0.185936, -0.206622, 1
0.789383, 0.119783, 1
-0.177938, -0.00443401, 1
0.694107, -0.171308, 0
-0.725012, -0.484152, 0
0.0715796, -0.752318, 1
0.499437, 0.070104, 1
-0.884142, -0.375339, 0
-0.32499, -0.0634069, 0
0.748884, -0.482755, 1
-0.147949, -0.460591, 0
-0.406811, 0.709135, 0
0.713894, -0.367304, 1
-0.631316, -0.770246, 0
0.059716, 0.976962, 1
0.301253, -0.372015, 0
-0.892345, -0.442728, 0
-0.446868, -0.890586, 0
-0.415172, 0.170521, 0
-0.00374591, -0.150288, 1
-0.0545052, -0.712583, 1
0.315286, 0.0142939, 1
-0.11093, -0.664794, 1
0.855177, 0.073884, 1
-0.691116, 0.444066, 0
-0.173989, 0.0435252, 1
-0.303773, 0.772048, 0
0.951149, 0.16688, 1
-0.681255, 0.467542, 0
0.0705256, 0.078497, 0
-0.696987, 0.616649, 0
-0.719769, -0.249797, 1
-0.649145, -0.23054, 1
0.0129579, 0.644365, 0
-0.472431, 0.109989, 1
0.795167, 0.0771321, 1
0.171594, -0.72354, 1
0.852234, 0.510486, 1
0.558865, 0.162941, 0
-0.0990921, 0.605904, 1
-0.582024, 0.658709, 0
0.613859, 0.0174533, 0
-0.124742, 0.573915, 1
0.190108, -0.597492, 0
-0.153565, 0.493838, 1
-0.865714, 0.234084, 0
-0.106061, 0.259572, 0
-0.187046, 0.322415, 0
0.107038, 0.00737157, 0
-0.73493, 0.534071, 0
-0.644364, 0.217327, 1
-0.846568, -0.288938, 0
-0.863261, -0.0423582, 0
-0.197822, -0.793145, 1
0.699671, -0.116665, 0
-0.691359, 0.714192, 1
-0.810061, 0.0581892, 0
-0.832503, -0.444819, 0
0.697586, 0.211998, 0
0.64516, -0.278381, 0
0.592227, -0.169147, 0
-0.408613, 0.0763788, 0
0.517031, 0.234166, 0
-0.0298768, -0.429763, 0
-0.892731, -0.37494, 0
-0.115968, 0.796629, 0
0.861191, -0.252356, 1
0.776526, 0.486413, 1
0.0665476, -0.451131, 0
-0.281757, 0.951982, 1
0.84076, 0.0771495, 1
-0.6526, 0.414457, 0
-0.163914, -0.140226, 1
0.715241, -0.204108, 1
-0.662466, -0.341997, 1
0.875496, 0.12818, 1
-0.145558, 0.356719, 0
-0.859224, 0.379247, 0
0.0498705, -0.893822, 0
0.815953, -0.499438, 0
0.67993, -0.0732685, 0
-0.316136, -0.122882, 0
0.919739, 0.187606, 1
-0.854112, -0.241135, 0
0.265915, 0.715722, 0
-0.573992, -0.295693, 1
0.487261, 0.354954, 0
-0.153096, -0.189635, 1
-0.621706, 0.115829, 1
-0.874593, -0.167361, 0
0.0342927, 0.934626, 1
-0.382168, 0.53246, 1
-0.61137, 0.508592, 0
0.901705, -0.174876, 1
0.278261, -0.606201, 1
-0.576581, 0.731729, 1
-0.756949, 0.323906, 0
-0.445627, -0.213983, 0
-0.373794, -0.906148, 0
0.208702, 0.856111, 1
-0.458055, 0.0497904, 0
0.0315956, -0.199504, 1
0.384344, -0.307, 0
-0.809343, -0.150747, 0
0.45179, 0.671771, 0
-0.846949, 0.311887, 0
-0.842857, 0.0789419, 0
-0.715708, 0.183503, 0
0.28326, -0.666608, 1
-0.971961, 0.0768663, 0
0.822212, 0.0478954, 1
-0.126298, 0.418719, 1
0.779802, -0.0482968, 1
0.934847, 0.193157, 1
-0.990338, 0.137408, 1
0.664777, 0.0062012, 0
-0.309037, 0.661456, 0
-0.462441, -0.0334496, 0
0.801048, 0.481913, 1
0.0589257, 0.581122, 1
0.409631, 0.747935, 1
-0.591787, 0.767472, 1
0.791966, -0.555195, 0
0.867154, 0.333733, 1
-0.895331, -0.0865779, 0
-0.513093, -0.744795, 0
-0.313772, -0.766647, 1
0.152227, 0.236078, 0
0.12196, 0.133806, 0
0.16025, -0.10203, 0
-0.291077, -0.61946, 1
0.293036, -0.136825, 1
-0.754338, 0.261818, 0
0.857039, -0.102507, 1
-0.204325, -0.681882, 1
0.478959, -0.0403238, 1
0.292142, -0.577706, 0
0.145257, -0.135115, 1
-0.437755, 0.240269, 1
0.211015, 0.80798, 0
0.713139, 0.67766, 1
-0.421816, -0.656762, 1
-0.334944, -0.117825, 0
0.150945, 0.271093, 0
-0.3995, 0.530762, 1
0.597622, 0.467274, 0
0.536215, 0.0733113, 0
0.597792, 0.586901, 1
0.630192, -0.277849, 0
0.0362288, -0.686531, 1
-0.311323, -0.686017, 1
-0.522061, 0.715969, 0
0.794588, -0.0050784, 1
0.409623, -0.744956, 1
0.339986, 0.354912, 1
0.694785, 0.170146, 0
-0.625985, 0.375776, 0
-0.629124, 0.24852, 1
0.124878, -0.843942, 1
0.880068, -0.0517028, 1
-0.78913, 0.435877, 0
-0.539957, 0.16812, 1
-0.509644, 0.624066, 0
0.636698, -0.236407, 0
0.114337, -0.421636, 0
0.680715, 0.658532, 1
-0.770412, -0.354038, 0
0.504844, -0.146167, 0
-0.766978, -0.0143507, 0
-0.314033, -0.71981, 1
0.332963, -0.627928, 1
0.88078, 0.424996, 1
0.0513231, -0.842412, 1
-0.976583, 0.20609, 1
-0.150719, 0.393993, 1
-0.143879, 0.28136, 0
-0.858362, 0.256864, 0
-0.675844, 0.664043, 1
0.540483, -0.67856, 1
-0.501458, 0.802277, 1
-0.456735, -0.441452, 1
0.505032, -0.193048, 0
0.128752, 0.5917, 1
-0.789398, -0.512918, 0
0.0288855, -0.422533, 0
-0.896006, -0.261485, 0
-0.0170429, -0.59914, 0
-0.871881, 0.0576227, 0
-0.442955, 0.304537, 1
-0.217462, -0.401242, 0
-0.116555, -0.71336, 1
-0.123753, -0.735316, 1
0.744334, -0.264202, 1
-0.914587, -0.354221, 0
0.660861, 0.706177, 1
0.549789, -0.16643, 0
0.289854, 0.700849, 0
-0.175301, -0.546749, 0
-0.505346, -0.396186, 1
-0.51061, 0.793057, 1
-0.394536, 0.173994, 0
-0.729595, 0.670573, 1
0.430133, -0.12462, 1
0.369827, 0.243073, 1
-0.353908, -0.152434, 0
-0.408282, 0.0390548, 0
-0.279641, -0.146384, 0
0.9917, -0.0174812, 1
-0.788903, 0.0319314, 0
0.893255, 0.0490179, 1
-0.00836089, -0.61477, 0
-0.636817, -0.672596, 0
0.527014, -0.102653, 0
0.844101, -0.0604475, 1
0.390234, -0.0531817, 1
-0.671408, -0.0335937, 1
0.0511838, 0.422541, 1
0.669413, -0.557806, 1
-0.638804, -0.73211, 0
-0.152629, -0.610912, 1
-0.558659, -0.27036, 1
0.366623, 0.677175, 0
-0.480579, -0.377957, 1
0.822408, -0.129998, 1
0.56351, -0.559616, 1
0.449474, 0.82939, 1
-0.490381, 0.317164, 1
0.342854, -0.368338, 0
-0.335227, 0.849196, 1
0.188373, 0.700743, 0
0.508201, -0.261778, 0
-0.634454, -0.262721, 1
-0.933109, -0.273288, 0
0.466903, 0.145974, 1
-0.396784, 0.410369, 1
0.151786, 0.977608, 1
0.162502, -0.877958, 0
-0.704914, -0.644909, 0
-0.586766, 0.00643084, 1
-0.983067, -0.138624, 0
0.158967, 0.897008, 1
0.390915, 0.0509182, 1
0.185548, 0.0368798, 0
0.84988, 0.247016, 1
0.790193, -0.506955, 1
0.655762, -0.150729, 0
0.154228, -0.770272, 1
-0.490245, 0.256318, 1
-0.761951, -0.376586, 0
0.624984, 0.0544121, 0
-0.626437, -0.189326, 1
-0.597006, 0.714073, 1
-0.158385, 0.498506, 1
-0.553142, 0.45459, 0
0.598463, 0.578139, 1
0.25201, -0.0562923, 1
0.298743, -0.94635, 0
0.382869, 0.318316, 1
0.283175, 0.288828, 1
0.284866, -0.612636, 1
0.476615, 0.346085, 0
0.677758, 0.126712, 0
0.805362, 0.228765, 1
-0.111067, 0.408846, 1
0.344509, 0.683277, 0
0.80747, 0.168484, 1
0.203118, 0.214419, 0
-0.87653, 0.134304, 0
0.485392, 0.680079, 1
-0.225277, -0.0694515, 1
0.777451, -0.612999, 0
0.714313, -0.20127, 1
0.611965, -0.756491, 0
-0.737688, 0.354849, 0
0.633029, 0.267596, 0
-0.708724, 0.349651, 0
-0.186972, 0.541771, 1
0.378928, 0.8491, 1
-0.830062, -0.132896, 0
0.425192, 0.560795, 0
-0.935859, 0.263958, 0
0.164826, 0.561957, 1
0.811283, -0.345702, 1
0.0218601, 0.308694, 0
0.252377, -0.709721, 1
0.475342, 0.342103, 0
0.0702655, 0.0676172, 0
0.312236, 0.3011, 1
0.725879, -0.655292, 0
0.028953, 0.662019, 0
0.152219, 0.274611, 0
-0.617619, 0.238494, 1
0.226506, -0.652094, 1
-0.0347914, -0.169636, 1
-0.00117393, 0.448603, 1
-0.0851111, 0.325638, 0
0.652186, 0.0394558, 0
0.727003, 0.5582, 1
0.807868, -0.136745, 1
0.679093, -0.0150012, 0
-0.282201, 0.100689, 0
0.175862, 0.950191, 1
0.285414, 0.290416, 1
0.627108, -0.225288, 0
0.0872495, -0.369931, 1
0.854966, -0.0120452, 1
-0.276258, 0.942603, 1
-0.161904, -0.864296, 0
0.107457, 0.710642, 0
-0.0248796, -0.369478, 0
0.333273, 0.867591, 1
0.411032, 0.0234463, 1
-0.630149, 0.189148, 1
0.397074, -0.595192, 1
0.143666, 0.941313, 1
0.0425858, 0.714038, 0
0.22849, -0.0535018, 1
0.823965, -0.0586944, 1
-0.648176, 0.616859, 0
-0.222785, 0.078219, 0
0.105835, -0.14744, 1
0.721005, 0.0480193, 0
-0.0320291, -0.450492, 0
0.291549, 0.0630981, 1
-0.424427, 0.833892, 1
0.103151, 0.107201, 0
-0.641413, 0.405948, 0
-0.445224, 0.862232, 1
0.258526, 0.932786, 1
-0.113304, 0.837492, 0
0.403613, -0.150151, 1
-0.524605, -0.0762846, 1
-0.194113, -0.387756, 0
0.0495792, 0.56633, 1
0.613353, -0.192665, 0
0.54891, 0.160099, 0
-0.246425, 0.863649, 1
-0.80385, 0.059546, 0
0.288482, -0.2742, 1
0.533764, -0.133769, 0
-0.725305, 0.160601, 0
-0.226714, -0.645855, 1
-0.424723, 0.456668, 1
-0.33714, -0.615691, 1
0.292942, -0.011769, 1
0.293636, 0.75899, 0
-0.577755, -0.0338634, 1
0.570577, 0.165485, 0
0.076992, 0.903799, 1
-0.138426, 0.778116, 0
0.357956, 0.332294, 1
0.424627, -0.681328, 1
0.515861, -0.252411, 0
-0.284747, -0.703676, 1
-0.223858, -0.599121, 1
-0.782978, -0.619464, 0
0.227735, 0.505442, 1
0.279563, -0.893499, 0
-0.604957, 0.467269, 0
-0.182987, 0.545745, 1
-0.820146, -0.428558, 0
-0.292715, -0.26588, 0
0.38395, 0.273366, 1
0.697123, 0.354777, 0
-0.0569885, -0.190317, 1
0.154181, -0.671415, 1
-0.266665, 0.66164, 0
0.569935, -0.162819, 0
-0.345427, -0.40053, 0
0.819382, -0.157832, 1
0.0807016, 0.540999, 1
0.175831, 0.524608, 1
0.393637, -0.242896, 0
-0.225411, -0.114865, 1
0.666448, 0.0321718, 0
-0.145539, -0.631728, 1
0.0309113, -0.6279, 0
0.608208, 0.341625, 0
-0.18703, -0.0217809, 1
0.219782, -0.42523, 0
-0.0709124, -0.521554, 0
-0.972744, -0.115803, 0
0.570831, -0.59171, 1
-0.713652, 0.656611, 1
0.773342, 0.26919, 1
-0.95923, 0.0134493, 0
-0.753238, 0.64592, 1
-0.108963, -0.914402, 0
0.0977532, 0.34679, 1
-0.45066, 0.619937, 0
-0.216518, -0.521411, 0
-0.275748, 0.441777, 1
0.153321, -0.149964, 1
-0.286213, -0.455422, 0
-0.259532, 0.693915, 0
-0.216641, -0.849658, 0
-0.759029, 0.516493, 0
-0.851576, -0.454448, 0
-0.604997, -0.587434, 0
-0.341297, 0.128553, 0
-0.148963, 0.700713, 0
0.273829, 0.68132, 0
0.137199, -0.763204, 1
-0.78661, 0.01007, 0
-0.165463, 0.0625705, 1
0.00565051, 0.645076, 0
-0.50557, 0.192904, 1
-0.589007, -0.490414, 1
-0.0230215, -0.33361, 1
-0.644898, -0.349595, 1
0.57557, 0.732186, 1
0.249879, 0.640907, 0
0.173121, 0.914849, 1
-0.698088, 0.048166, 1
-0.86648, 0.42272, 1
0.809479, -0.298165, 1
-0.0727325, -0.763272, 1
0.385999, 0.102259, 1
0.370218, 0.574115, 0
-0.111213, 0.118057, 1
-0.827731, -0.520245, 0
0.316693, -0.86848, 0
-0.666239, -0.234101, 1
0.447626, 0.0235743, 1
0.826466, -0.169228, 1
-0.469991, 0.670729, 0
-0.342744, -0.454357, 0
0.850517, -0.0849027, 1
-0.694038, 0.279046, 0
-0.792781, -0.234734, 0
0.203506, 0.560841, 1
-0.221033, -0.725653, 1
-0.683868, 0.326912, 0
0.0887688, -0.353071, 1
0.461934, -0.448413, 0
0.157157, 0.842648, 0
-0.452323, 0.319966, 1
0.337513, -0.488814, 0
-0.53451, -0.104827, 1
0.330399, -0.433501, 0
0.14045, 0.0603003, 0
-0.371342, -0.882416, 0
0.488127, -0.431672, 0
0.34635, 0.797244, 1
-0.288059, 0.326925, 1
0.781073, -0.0953847, 1
0.321215, -0.158797, 1
0.122869, -0.530466, 0
-0.199443, -0.578763, 1
0.321223, -0.198558, 1
0.952946, 0.0746585, 1
0.169567, -0.142853, 1
0.121256, -0.73129, 1
-0.483456, 0.00241233, 0
0.102003, 0.905473, 1
-0.295667, -0.246111, 0
0.32971, 0.391518, 1
-0.0410581, -0.357093, 1
0.928206, 0.36517, 1
0.134536, -0.853043, 1
-0.0749234, 0.920136, 1
0.395334, -0.688584, 1
-0.582482, 0.268693, 1
-0.557384, 0.493858, 0
-0.647914, 0.760534, 1
-0.0248714, 0.981155, 1
0.378102, 0.442862, 0
-0.700508, -0.227386, 1
-0.335828, 0.745748, 0
-0.207369, -0.202866, 1
-0.21151, -0.551136, 0
-0.0838483, 0.0487317, 1
0.253226, 0.820209, 1
-0.341441, 0.444174, 1
-0.1085, -0.95439, 0
0.678971, -0.414117, 1
-0.570956, 0.308993, 1
0.0245242, 0.935969, 1
0.59217, 0.18904, 0
-0.197236, 0.600096, 1
0.612837, -0.734423, 0
-0.659849, 0.39964, 0
0.929887, 0.127848, 1
0.421934, -0.234857, 0
0.51883, -0.0747037, 0
-0.407231, -0.718636, 1
0.500468, 0.654885, 1
-0.529321, -0.779928, 0
0.656709, 0.0201515, 0
-0.256384, 0.183731, 0
-0.700941, -0.00696245, 1
-0.558533, 0.482133, 0
-0.644258, 0.666604, 0
-0.715896, -0.37102, 0
-0.612867, -0.099937, 1
0.513246, -0.0462791, 0
0.571393, -0.453658, 1
-0.398422, -0.793612, 0
0.660494, -0.456229, 1
-0.498116, -0.216441, 1
0.686898, 0.718871, 1
0.500238, 0.0862504, 1
-0.216017, -0.420432, 0
-0.948556, 0.0750668, 0
0.86323, -0.405593, 1
-0.226441, -0.951785, 0
0.532176, 0.493987, 0
0.832991, -0.168077, 1
-0.219112, 0.377486, 1
-0.26109, -0.438172, 0
-0.672575, 0.0321691, 1
-0.273545, -0.172668, 0
-0.122807, -0.128335, 1
0.130184, 0.769337, 0
-0.755636, -0.0751591, 0
-0.104111, 0.927417, 1
-0.351615, 0.82469, 0
0.111259, -0.869879, 1
-0.204412, 0.732104, 0
0.348271, 0.922838, 1
0.108687, -0.416868, 0
0.6285, -0.0440739, 0
0.306389, 0.827002, 1
0.253586, 0.0960953, 0
-0.147146, -0.435236, 0
-0.298104, -0.546705, 1
0.338687, -0.665848, 1
0.103043, -0.0951686, 0
-0.800222, -0.0795664, 0
-0.434678, 0.675197, 0
-0.0534114, 0.679111, 0
0.595388, 0.436564, 0
-0.437794, -0.0286844, 0
-0.501905, -0.261729, 1
0.0193265, -0.0812462, 0
0.624263, -0.0627094, 0
0.458832, -0.0229076, 1
-0.18433, 0.293281, 0
0.807133, 0.441705, 1
-0.456777, 0.318927, 1
-0.253234, 0.219906, 0
-0.896605, -0.03626, 0
0.46739, 0.1272, 1
-0.404555, -0.840994, 0
-0.69932, 0.622849, 0
-0.814638, -0.231911, 0
0.912841, -0.273736, 1
0.427421, -0.0855149, 1
-0.62502, 0.422939, 0
-0.323885, 0.537243, 1
0.875355, 0.0822672, 1
0.879959, 0.312637, 1
0.476138, 0.515781, 0
-0.180566, -0.85833, 0
-0.522367, 0.132809, 1
0.25335, -0.718882, 1
0.471452, 0.222559, 1
0.289794, 0.295588, 1
0.528266, -0.7229, 1
-0.378899, 0.723335, 0
0.706764, -0.369346, 1
-0.00634397, -0.873836, 1
-0.631596, -0.0114746, 1
0.0658142, -0.0863423, 0
-0.706797, -0.252526, 1
-0.200908, 0.320126, 0
-0.471646, -0.582361, 1
0.337979, 0.497788, 0
0.639611, 0.13188, 0
0.915699, -0.202223, 1
0.135298, 0.716813, 0
-0.909429, 0.267922, 0
-0.501845, 0.270327, 1
0.239897, -0.35512, 0
0.599764, -0.575455, 1
0.347695, -0.19707, 1
0.396559, 0.438795, 0
0.591633, -0.3756, 0
0.301267, -0.446726, 0
-0.299959, -0.567269, 1
0.77717, -0.416669, 1
0.527245, -0.0405782, 0
-0.839209, -0.155895, 0
