0.882694, -3.4754, 0
2.03187, 0.0839328, 1
2.42407, -0.598904, 1
-3.29525, -3.37399, 0
0.336396, -0.54279, 1
-0.23319, -1.69642, 0
1.88115, 2.09614, 1
1.54381, -1.70715, 1
-0.391939, 0.40795, 0
0.281948, -1.42266, 0
0.906607, 2.6093, 1
1.03297, 2.13293, 1
0.110455, 1.57565, 1
-0.762609, 0.115274, 0
0.693906, 0.11936, 0
0.081276, 0.0107574, 1
0.0367031, 0.234912, 0
1.71582, 2.20714, 1
2.89896, 1.63154, 1
-1.10858, -1.06039, 0
-1.01561, 2.09217, 1
-0.388057, -1.69088, 0
-1.9023, -1.42033, 0
-1.62603, -1.14885, 0
-1.58157, 0.847102, 0
1.58506, 4.79738, 1
2.36819, -0.969301, 1
-1.15146, -1.70386, 0
-1.18087, 1.66809, 0
2.08074, 1.83702, 1
2.68574, 0.425995, 1
-0.626232, 0.626364, 1
1.23516, -2.00936, 0
0.719181, 1.81999, 1
-0.794333, -2.05737, 0
0.857263, 0.940647, 1
-0.293048, -1.59294, 0
-1.86904, -1.71035, 0
0.748422, -2.17923, 0
0.397068, 1.23326, 1
1.23311, 1.39371, 1
-0.571848, -0.60377, 0
2.0355, 1.41194, 1
1.68505, 0.174252, 1
0.900475, -0.970837, 0
-0.683691, -0.691314, 0
0.143906, 1.37666, 0
0.33251, -0.304525, 0
-0.477437, 0.506953, 0
1.76258, 0.0913438, 1
-0.363256, -1.62347, 0
0.894336, 1.5418, 1
-0.736182, -2.67106, 0
0.873069, 0.184395, 1
-2.27991, 0.150214, 0
0.225711, -0.280006, 0
2.44855, 0.26621, 1
-0.105607, 1.58902, 1
2.78933, 0.270198, 1
-0.564462, -0.112237, 0
-1.23964, 0.0383498, 0
0.765338, -2.37712, 1
-2.52433, -2.52028, 0
-1.00102, 1.51866, 0
1.83461, 4.76317, 1
-2.43617, -1.07023, 0
1.36989, 2.12602, 1
-0.559556, -0.455698, 0
-0.186472, -1.14207, 1
2.11169, 0.679711, 1
-0.564602, -0.426454, 0
0.771222, 0.937419, 1
0.875083, -0.965514, 1
1.46142, 0.863628, 1
-1.35612, -0.99617, 0
1.14576, 0.361071, 1
0.466491, 0.497773, 1
-0.323694, 0.377713, 1
1.22192, 1.52995, 1
0.239075, -0.116074, 0
-3.12858, -2.5686, 0
-1.52999, -1.21092, 0
-0.216959, 0.726548, 1
-2.42601, -1.81633, 0
3.51641, 1.59587, 1
2.37227, 0.802092, 1
-2.21076, -2.09287, 0
1.27628, 0.706672, 1
-0.81695, -0.0976984, 0
0.888229, 0.597432, 1
-0.219618, -0.199995, 0
0.652612, 0.738997, 1
-0.411757, -0.893146, 0
-0.621447, -0.587176, 0
-1.27752, -1.84504, 0
0.252129, 1.17653, 1
-0.162989, -0.0678893, 0
-0.665119, -0.952683, 0
-2.40746, -0.957818, 0
-0.296059, 0.924307, 1
1.17875, 2.60077, 1
1.57246, 1.20136, 1
-0.469084, -2.05713, 0
2.91555, 0.00477176, 1
0.965994, 0.472838, 1
1.69313, 0.884506, 1
1.34561, 1.82922, 1
0.0438169, 0.097807, 1
-0.778134, -1.09831, 0
1.14666, 2.88201, 1
-1.88752, 0.554771, 0
0.741003, -0.10897, 1
-0.493519, -0.0860924, 0
0.64595, 1.12277, 1
-2.32608, 0.899282, 0
-1.00762, -3.50037, 0
3.08596, 1.16331, 1
0.227092, -0.263307, 1
-0.817704, 0.492157, 0
-0.921475, -1.04678, 0
0.60714, 0.00154552, 0
1.86238, 1.32023, 1
-1.13379, -1.39212, 0
-2.41039, -0.0112354, 0
-3.37781, -1.23714, 0
0.623371, 0.847607, 1
0.318523, 2.2866, 1
-1.08681, -0.715804, 0
-1.12642, -1.22196, 0
-2.28279, -0.29935, 0
-0.926601, -1.93332, 0
-2.11025, 0.0883101, 0
1.22109, 1.11685, 1
0.092919, 0.448804, 1
-0.771636, 0.561912, 0
-1.57724, -3.07107, 0
0.589482, 0.731782, 1
-1.04576, -1.85353, 0
0.470596, 1.37206, 1
1.42022, 0.0303608, 0
-1.00855, -1.44832, 0
1.52109, 2.17268, 1
0.654948, 1.65852, 1
-2.38667, -0.63214, 0
1.02909, 0.134593, 1
0.884408, 0.189394, 0
1.62045, 3.73382, 1
1.8785, 1.23961, 1
0.890941, 0.960708, 1
0.825014, 1.68852, 1
0.108556, -1.51232, 0
3.46631, 0.84636, 1
1.84261, 1.17114, 1
-0.22313, 1.68239, 1
-0.555921, -1.48356, 0
2.18071, 0.760482, 1
-0.749613, -0.317154, 0
2.15175, -1.6328, 1
1.22541, 2.27623, 1
-0.864076, -1.1881, 0
-0.632829, 0.864519, 0
0.201187, -0.326957, 0
2.2916, 1.83049, 1
-2.12116, -1.06231, 0
-1.4203, -1.89658, 0
0.347071, 0.395721, 1
-0.830098, 0.420196, 0
1.62708, 0.248845, 1
-0.27557, 1.75768, 1
-0.771531, -2.32103, 0
1.02135, 1.9308, 1
2.91075, 1.95126, 1
1.17271, 0.186455, 0
-0.233956, 0.447396, 0
0.809675, 0.349021, 1
-1.54653, -2.02925, 0
-1.8795, -0.368335, 0
1.50282, 0.833047, 1
-1.77499, -0.905426, 0
-0.0526311, -0.416517, 0
2.10149, 0.63527, 1
-1.02254, -1.29708, 0
2.75996, 0.273027, 1
0.97331, 2.21191, 1
2.46186, 1.32721, 1
1.82894, 0.488774, 1
-0.0875142, -2.46087, 0
-1.40595, -1.48409, 0
-0.190757, 0.730692, 0
2.51414, -0.456735, 1
-1.32463, -0.684662, 0
-0.0334136, -0.437362, 0
-1.69631, 0.246106, 0
-0.726147, 0.1708, 1
-1.0904, 1.46508, 1
0.281824, 0.045682, 1
-1.13099, -1.74626, 0
-1.30011, 0.371543, 1
-1.63225, -1.57984, 0
-1.02016, -0.555669, 1
