0.669535, -0.661486, 0
-0.064473, 0.779084, 0
0.588648, -0.000211876, 0
0.650948, 0.144383, 0
0.652175, 0.115141, 0
-0.732526, 0.543995, 0
0.115531, 0.795889, 0
0.569882, -0.0398442, 0
-0.325748, -0.316468, 0
-0.632935, -0.718351, 0
-0.460695, -0.0321614, 0
-0.306375, 0.749393, 0
0.0710214, 0.747574, 0
0.674165, 0.342171, 0
-0.660942, -0.518866, 0
-0.731371, -0.566333, 0
-0.811484, 0.238983, 0
-0.72796, -0.60173, 0
-0.792045, -0.0110021, 0
-0.111226, 0.202698, 0
-0.0530858, 0.247592, 0
-0.597692, 0.407817, 0
0.672287, -0.201597, 0
0.334247, -0.454908, 0
-0.695444, 0.576836, 0
0.650284, -0.160884, 0
-0.582076, 0.665711, 0
0.587464, 0.529033, 0
-0.487544, -0.762045, 0
-0.901423, -0.345453, 0
-0.776179, 0.180321, 0
0.148248, 0.111769, 0
0.545681, 0.319965, 0
-0.405502, 0.102492, 0
0.69268, -0.15221, 0
0.365859, -0.552279, 0
-0.662066, 0.506534, 0
0.300471, -0.379245, 0
0.145696, -0.967676, 0
-0.356876, 0.631942, 0
-0.395559, 0.170849, 0
-0.362247, -0.1348, 0
0.1966, -0.0194854, 0
0.74851, 0.116336, 0
0.560928, 0.443791, 0
-0.210638, 0.732518, 0
-0.893238, -0.429008, 0
0.253407, -0.345532, 0
-0.0659913, 0.753188, 0
-0.590919, -0.621065, 0
0.245197, -0.591908, 0
0.520303, -0.204758, 0
0.539518, 0.798981, 1
0.631226, -0.348579, 1
-0.191044, 0.701786, 0
-0.0198296, -0.0756155, 0
0.14883, -0.822411, 1
-0.415324, -0.793708, 0
-0.436965, 0.590051, 0
0.532003, 0.676165, 1
0.241149, 0.298353, 1
0.101216, 0.681816, 0
0.564986, -0.0307815, 0
0.451561, -0.595813, 1
-0.00380862, 0.784937, 0
0.162965, 0.354552, 1
0.219565, 0.391856, 1
0.232773, 0.762454, 0
-0.406986, -0.474405, 1
0.199344, -0.496439, 0
0.000329326, -0.103305, 0
-0.491305, 0.857115, 1
-0.209795, 0.300269, 0
-0.424848, -0.656299, 1
-0.79757, 0.600513, 1
-0.813499, -0.070106, 0
0.531015, 0.790196, 1
-0.473961, -0.455849, 1
0.441362, 0.205609, 1
-0.22535, 0.21846, 0
-0.936272, 0.321037, 1
0.693641, -0.228158, 1
-0.827946, -0.355879, 0
0.268117, -0.528274, 0
-0.569342, -0.689891, 0
0.842515, -0.254262, 1
-0.230225, -0.381653, 0
-0.352813, 0.781895, 0
-0.0669406, -0.810771, 1
0.699182, 0.491666, 1
0.421297, -0.655594, 1
0.817059, 0.236236, 1
0.322474, -0.529939, 0
0.927149, 0.333575, 1
0.155504, -0.611244, 0
0.566458, 0.770297, 1
-0.318986, 0.188488, 0
-0.119315, -0.446558, 0
0.0739396, 0.138496, 0
-0.744434, 0.558146, 0
0.568384, 0.656985, 1
-0.928299, 0.256975, 0
-0.786467, 0.192614, 0
-0.0512405, -0.0606055, 1
0.301804, -0.631792, 1
-0.134568, -0.315283, 1
0.103295, -0.805792, 1
-0.456392, -0.811068, 0
-0.669976, -0.456396, 0
0.407891, -0.842046, 0
0.108008, -0.011758, 0
0.123077, 0.43158, 1
0.807373, -0.178735, 1
0.223098, -0.50643, 0
0.611866, -0.518207, 1
-0.383706, 0.247957, 1
-0.238473, 0.862855, 0
-0.165702, 0.654231, 0
0.195248, -0.331551, 1
-0.359497, 0.757745, 0
-0.0301565, -0.157847, 1
-0.902634, 0.299027, 0
0.0974414, 0.0420178, 0
0.815687, 0.233269, 1
-0.41149, -0.800416, 0
-0.427636, -0.773602, 0
0.691898, 0.208003, 0
-0.610207, 0.535471, 0
0.117682, -0.399091, 0
0.659334, -0.494698, 1
-0.458074, 0.630454, 0
0.799788, -0.444723, 1
0.367865, -0.0781513, 1
0.239666, 0.271752, 1
-0.488373, 0.237001, 1
-0.0245661, 0.902876, 1
0.641947, -0.160403, 0
0.373951, -0.452987, 0
-0.251213, 0.413804, 1
0.898544, 0.292762, 1
0.0325814, -0.382858, 0
-0.494106, 0.378491, 1
-0.0682051, -0.455624, 0
0.024669, -0.339972, 1
0.238896, -0.482885, 0
0.045921, -0.714461, 1
-0.559512, -0.681723, 0
-0.268927, -0.87354, 0
-0.209288, -0.892464, 0
0.560081, -0.546455, 1
-0.453349, 0.781651, 0
0.75499, -0.214441, 1
0.636936, 0.468834, 0
-0.185472, 0.639801, 0
-0.934082, 0.173141, 0
-0.613182, 0.0110752, 1
-0.377271, 0.203439, 0
-0.54932, -0.555346, 1
-0.526544, 0.440488, 1
-0.344247, 0.438235, 1
-0.584457, -0.800515, 0
0.330833, -0.834131, 1
0.85341, 0.365876, 1
0.307084, -0.0820733, 1
-0.245663, -0.010265, 1
-0.470214, -0.704665, 0
-0.123585, -0.561417, 0
-0.350186, 0.731172, 0
0.353206, 0.517363, 0
0.29061, -0.101297, 1
-0.555924, 0.0659872, 1
0.00139615, -0.900626, 0
0.108731, -0.377846, 1
-0.00737308, 0.280207, 0
0.265949, -0.5503, 0
-0.918911, -0.00265856, 0
0.847084, -0.479969, 0
0.560807, -0.805555, 0
-0.58328, 0.746835, 1
-0.835149, 0.30252, 0
-0.320697, 0.47227, 1
-0.192187, 0.146069, 0
0.433179, 0.860828, 1
-0.0599608, -0.237386, 1
0.675127, -0.42121, 1
-0.457845, 0.678561, 0
-0.766404, -0.0910077, 0
-0.792598, -0.296332, 0
-0.467204, 0.813848, 1
-0.871873, -0.46592, 0
-0.714598, 0.204668, 0
0.976891, -0.0146472, 1
-0.814492, -0.534243, 0
-0.747476, -0.088401, 1
-0.325715, -0.112749, 0
-0.417699, 0.334957, 1
0.401763, 0.55361, 0
-0.195976, 0.278291, 0
0.276554, 0.0304374, 1
-0.105683, -0.479569, 0
0.65124, 0.569823, 1
0.679026, 0.58456, 1
-0.0656364, 0.81976, 0
0.386152, 0.454515, 0
-0.14249, 0.0725765, 1
0.702077, -0.0903504, 0
0.214022, -0.0547429, 0
-0.147898, 0.0631266, 1
-0.501574, 0.385171, 1
0.236882, 0.458538, 1
0.943009, -0.187782, 1
0.171607, -0.0691702, 0
-0.494857, 0.15924, 1
-0.714018, 0.516206, 0
0.95675, -0.226489, 0
0.387134, 0.402174, 1
-0.658394, 0.0576674, 1
-0.485453, -0.819362, 0
-0.0027223, 0.335166, 0
-0.684226, 0.675116, 1
0.884418, 0.38553, 1
0.88641, 0.38544, 1
-0.108375, -0.155295, 1
0.21463, -0.288683, 1
-0.453645, 0.209249, 1
-0.451537, 0.85475, 1
-0.806966, 0.132607, 0
-0.547384, -0.611989, 0
-0.231764, 0.616435, 0
-0.48151, -0.647716, 1
-0.825212, 0.101238, 0
-0.459788, -0.606359, 1
0.292998, 0.683141, 0
-0.561355, -0.11057, 1
0.638477, 0.193869, 0
0.228486, -0.280949, 1
-0.0298073, 0.168909, 0
0.628477, 0.358667, 0
-0.614217, -0.474245, 1
0.226424, -0.667432, 1
0.129474, -0.801129, 1
-0.279708, 0.849518, 0
-0.288501, 0.341936, 1
0.799143, 0.131219, 1
0.936175, -0.283921, 0
0.949067, 0.0277012, 1
-0.306746, -0.0110066, 0
0.884349, 0.275859, 1
-0.292588, -0.0103197, 0
-0.938491, 0.187122, 0
0.451485, 0.790829, 1
0.828254, 0.261096, 1
-0.617094, 0.315531, 1
-0.058367, -0.323272, 1
0.175499, -0.335682, 1
0.328086, 0.931635, 1
-0.0923053, 0.303233, 0
0.126279, -0.830511, 1
0.00491698, 0.26238, 0
-0.132176, -0.184849, 1
-0.90989, 0.287281, 0
0.486674, -0.640848, 1
-0.832887, -0.51837, 0
-0.590196, 0.491426, 0
0.696518, -0.3928, 1
0.431686, -0.476352, 0
-0.622064, 0.425762, 0
0.551134, 0.114512, 0
-0.432504, -0.625323, 1
0.784474, -0.485476, 1
0.176156, -0.254183, 1
0.230411, 0.733652, 0
0.508202, -0.66849, 1
0.416362, 0.148394, 1
-0.636438, -0.579415, 0
0.286311, 0.849597, 1
-0.41167, 0.849406, 1
-0.0504912, 0.99811, 1
0.832977, 0.237093, 1
-0.121504, -0.700178, 1
0.0516108, 0.544313, 1
-0.216607, 0.201727, 0
0.579303, -0.344854, 0
-0.741161, 0.503279, 0
-0.104012, -0.897409, 0
-0.298123, -0.407727, 0
0.0345732, 0.703722, 0
-0.789577, -0.186126, 0
0.47737, 0.292973, 0
0.901934, -0.0163768, 1
-0.484006, 0.270265, 1
-0.545063, -0.161124, 1
0.407359, -0.584841, 1
-0.119954, 0.724384, 0
-0.648001, -0.0617066, 1
0.272524, 0.270319, 1
-0.719471, 0.639144, 1
-0.137578, -0.304967, 1
-0.13013, -0.756284, 1
0.394826, 0.566242, 0
-0.349767, -0.175386, 0
-0.151345, -0.749138, 1
-0.396933, 0.256072, 1
-0.277723, -0.443536, 0
0.655514, -0.510006, 1
-0.0349634, 0.307688, 0
-0.188369, 0.0477645, 1
0.530766, 0.161229, 0
0.922331, -0.0413484, 1
-0.521537, 0.309463, 1
0.431694, 0.10886, 1
-0.509261, 0.11454, 1
0.0885819, 0.292926, 0
0.479845, -0.126935, 0
0.995603, 0.0936365, 1
0.0515091, -0.993584, 0
-0.0252669, -0.703211, 1
0.325365, -0.170578, 1
-0.465843, 0.868418, 1
0.893194, 0.0328251, 1
0.0621466, 0.475795, 1
0.37251, 0.118345, 1
0.423625, 0.122771, 1
0.618397, -0.492632, 1
0.179679, -0.42927, 0
0.717964, -0.501374, 1
0.608903, -0.019335, 0
-0.380727, 0.90108, 1
0.861828, 0.464864, 1
-0.157872, 0.0118063, 1
-0.0183988, 0.512602, 1
0.713014, 0.317703, 0
0.487235, 0.845336, 1
0.501066, 0.527656, 0
-0.0451894, -0.879523, 0
-0.000147544, -0.276694, 1
0.365244, 0.849131, 1
-0.0399903, 0.646679, 0
-0.604592, 0.55754, 0
-0.0374741, -0.211751, 1
0.129401, 0.717703, 0
-0.186696, 0.0565091, 1
-0.156843, 0.574612, 1
-0.227215, 0.0451523, 1
-0.137667, -0.453948, 0
0.776608, -0.208005, 1
0.278554, 0.192693, 1
-0.792144, 0.0990001, 0
0.147283, 0.576036, 1
0.150689, -0.8016, 1
-0.798179, -0.508329, 0
0.356198, -0.799174, 1
-0.752861, 0.129025, 0
-0.186948, -0.547949, 0
-0.418717, 0.122298, 0
-0.357322, -0.236393, 0
0.0208175, 0.313066, 0
-0.443062, -0.20601, 0
-0.286065, -0.402399, 0
0.196766, 0.134293, 0
0.63418, 0.664411, 1
0.340572, 0.58569, 0
0.29385, -0.200883, 1
0.46233, -0.575449, 1
0.0782235, -0.936999, 0
0.527022, -0.739558, 1
-0.426855, 0.226003, 1
0.337942, 0.153571, 1
0.491917, 0.515177, 0
-0.0255883, -0.520151, 0
0.669991, -0.21375, 0
-0.0197615, -0.0172663, 0
-0.53896, 0.187172, 1
0.478725, 0.604742, 0
0.376207, 0.331899, 1
0.632432, -0.519337, 1
0.18429, -0.0742221, 0
-0.482288, -0.35647, 1
-0.645277, 0.746493, 1
-0.320421, -0.914269, 0
-0.761644, 0.187497, 0
0.0228373, -0.533096, 0
0.592689, 0.4574, 0
-0.733856, 0.564729, 0
-0.466523, -0.173079, 0
-0.538132, -0.812757, 0
0.513353, 0.158899, 0
0.576007, -0.721199, 1
0.232217, 0.915323, 1
-0.188956, -0.640053, 1
-0.353713, 0.852053, 1
0.691999, 0.317062, 0
-0.355119, -0.708208, 1
-0.337706, -0.557533, 1
-0.283953, -0.021541, 0
0.174887, 0.382474, 1
-0.442087, -0.0296256, 0
0.381252, -0.319047, 0
0.384605, 0.0095571, 1
0.238102, 0.74141, 0
0.188128, 0.576842, 0
0.369287, 0.243906, 1
0.866005, 0.46428, 1
0.524744, 0.699806, 1
-0.811898, -0.440486, 0
-0.613025, 0.597858, 0
0.301088, 0.591656, 0
0.433053, -0.252196, 0
0.570402, 0.506824, 0
0.0249288, 0.57841, 1
-0.897027, -0.425168, 0
-0.120686, 0.49894, 1
0.304978, 0.805032, 1
0.603699, 0.181992, 0
0.86444, -0.2918, 1
-0.0627203, -0.00532549, 1
-0.0883577, 0.345792, 0
0.534141, 0.167132, 0
-0.410147, 0.355208, 1
-0.701572, 0.594709, 0
-0.422273, -0.870614, 0
0.393705, -0.876892, 0
-0.262613, 0.514659, 1
0.88231, 0.0443465, 1
0.50627, 0.0375575, 0
0.529623, 0.162596, 0
0.197611, -0.712484, 1
0.184046, 0.872307, 1
0.123247, -0.446101, 0
0.725213, -0.646754, 0
-0.599257, -0.164296, 1
0.950182, -0.271534, 0
-0.0492117, -0.866861, 1
0.655381, -0.333164, 1
-0.500643, -0.448514, 1
0.854337, 0.155855, 1
-0.532347, -0.447136, 1
0.637465, -0.371878, 1
-0.37889, 0.778919, 0
-0.0893429, -0.834784, 1
-0.690245, 0.155837, 1
0.843488, 0.535534, 1
0.00123737, -0.0520408, 0
0.779989, -0.490197, 1
-0.333703, -0.621797, 1
0.750384, -0.0541909, 1
-0.275067, -0.355201, 0
0.424547, 0.142167, 1
0.446484, 0.523443, 0
-0.925933, -0.0688002, 0
0.398137, -0.621998, 1
0.135786, -0.219308, 1
0.215353, 0.345399, 1
0.296647, -0.727467, 1
-0.106951, 0.469967, 1
-0.512797, -0.451033, 1
-0.00568119, -0.295449, 1
0.810964, 0.497438, 1
-0.313383, 0.560804, 1
0.207368, -0.250187, 1
0.534162, -0.708073, 1
-0.664042, -0.0610215, 1
0.699246, 0.298569, 0
-0.197367, -0.486378, 0
-0.660604, -0.728019, 0
0.869959, 0.131362, 1
-0.612172, 0.545711, 0
-0.0227509, 0.737254, 0
0.555051, -0.520802, 1
0.905006, 0.0136062, 1
-0.723219, 0.0666796, 1
-0.664178, 0.633008, 0
0.0320979, -0.82087, 1
0.456055, 0.132368, 1
-0.252084, -0.0995285, 1
-0.537252, -0.345756, 1
-0.166563, -0.953286, 0
0.0336269, -0.887457, 0
0.800266, -0.286029, 1
-0.00969358, 0.926575, 1
-0.515238, -0.292961, 1
-0.909905, -0.110164, 0
0.216842, -0.792826, 1
-0.23826, -0.0638455, 1
0.572512, 0.383576, 0
-0.746608, 0.293449, 0
0.111808, -0.831543, 1
0.211464, -0.697134, 1
0.739305, 0.65187, 1
-0.258462, -0.291305, 0
-0.479563, 0.651562, 0
-0.557326, -0.789396, 0
0.183534, -0.0102399, 0
-0.286561, -0.0679325, 0
0.605049, 0.730948, 1
-0.459152, 0.728972, 0
-0.856482, -0.331693, 0
-0.256103, 0.816124, 0
-0.225136, -0.126816, 1
-0.48794, -0.460791, 1
-0.246512, -0.821988, 0
0.279907, -0.402755, 0
-0.770248, -0.481751, 0
0.780114, -0.595627, 0
-0.719403, -0.680031, 0
-0.645926, 0.00202215, 1
-0.407142, -0.672759, 1
-0.757667, 0.57475, 1
0.626886, -0.493651, 1
-0.010805, -0.630569, 1
-0.383141, 0.59083, 0
-0.853419, 0.31438, 0
-0.0360667, 0.479922, 1
0.277376, 0.233009, 1
-0.613497, 0.712486, 1
-0.540951, -0.412845, 1
0.0876371, 0.116686, 0
-0.441878, 0.65601, 0
0.267956, 0.91893, 1
-0.439305, 0.101542, 0
-0.381429, 0.857697, 1
0.863974, 0.111962, 1
-0.138899, -0.860665, 0
0.388091, 0.587782, 0
-0.14023, 0.481385, 1
0.687351, -0.204821, 0
0.0464093, 0.458308, 1
-0.0767374, -0.353297, 0
0.32296, -0.350544, 0
-0.934614, -0.162996, 0
-0.064474, -0.760459, 1
0.530554, 0.490289, 0
0.265324, -0.598091, 0
0.020684, 0.0334028, 1
-0.618596, -0.447274, 1
0.306055, 0.681132, 0
0.282616, 0.424973, 1
-0.383351, -0.285437, 0
-0.928676, 0.208061, 0
-0.852708, -0.231517, 0
0.856048, 0.0942808, 1
0.0962932, -0.306527, 1
-0.388284, 0.581387, 0
-0.784246, -0.594451, 0
-0.970446, 0.0571018, 0
0.0906635, -0.454366, 0
0.0834158, -0.826836, 1
-0.575908, 0.695154, 0
0.360182, -0.670307, 1
0.0858299, -0.186166, 1
-0.858739, 0.42998, 0
0.926412, -0.264435, 1
0.235553, -0.800407, 1
-0.322597, -0.761671, 1
0.683136, -0.577765, 1
0.950223, -0.106313, 1
-0.44604, 0.332742, 1
-0.612618, -1.52956e-05, 1
0.81124, -0.00953641, 1
0.202354, 0.4848, 1
0.129922, 0.271754, 0
0.595578, -0.772256, 0
0.572453, -0.673325, 1
0.886561, -0.0214246, 1
0.542347, 0.77608, 1
0.604488, 0.36407, 0
0.356273, 0.364255, 1
0.0169158, 0.333248, 0
0.334695, -0.879619, 0
-0.293492, -0.942287, 0
-0.670966, 0.471597, 0
-0.129285, 0.0773132, 1
-0.345989, 0.849761, 1
0.321584, 0.786597, 1
-0.307731, 0.0404894, 0
-0.420405, 0.226251, 1
0.0363589, 0.268634, 0
0.264166, -0.0768579, 1
-0.218834, -0.227656, 0
-0.249249, -0.769966, 1
0.11212, -0.902272, 0
-0.00469924, 0.124098, 1
-0.569586, 0.178186, 1
-0.769128, 0.492205, 0
-0.170358, 0.0179895, 1
-0.573261, -0.226217, 1
-0.486134, 0.579737, 0
0.388551, -0.66213, 1
-0.197053, 0.230358, 0
-0.157075, 0.476001, 1
0.397666, -0.435658, 0
-0.0562899, 0.386949, 1
-0.870782, 0.311389, 0
-0.699821, 0.695286, 1
-0.450455, 0.818901, 1
-0.699228, 0.515106, 0
-0.67042, 0.671106, 1
-0.618006, -0.485788, 1
0.430192, -0.441572, 0
-0.0483276, 0.31799, 0
-0.488056, -0.865563, 0
-0.843037, -0.2469, 0
0.215361, 0.834376, 1
-0.0802691, 0.32393, 0
0.157869, 0.96326, 1
0.837612, -0.115142, 1
0.52903, -0.371342, 0
0.117633, -0.677003, 1
-0.699673, -0.111649, 1
-0.677776, -0.341181, 1
-0.706445, 0.0062581, 1
0.519212, 0.698152, 1
0.468583, 0.0800329, 1
-0.488112, 0.728846, 0
-0.127381, -0.519981, 0
-0.884482, -0.338093, 0
0.154601, -0.88254, 0
-0.31194, 0.0334244, 0
-0.575664, -0.0669187, 1
0.478249, 0.529691, 0
0.711728, 0.232237, 0
0.60608, -0.251179, 0
0.40971, -0.327888, 0
0.780837, -0.582832, 0
0.274014, 0.00588627, 1
-0.77348, 0.378579, 0
-0.945706, 0.167013, 0
-0.43359, 0.263541, 1
-0.238445, -0.0213471, 1
0.21705, 0.876378, 1
-0.867706, -0.049152, 0
-0.70565, 0.425717, 0
-0.0821743, 0.374689, 0
0.0932575, -0.020656, 0
-0.168172, 0.737796, 0
-0.708443, -0.343342, 0
-0.401343, -0.707829, 1
-0.95103, -0.196789, 0
-0.124729, 0.898484, 1
-0.506877, -0.0700033, 1
-0.567276, -0.428373, 1
-0.219439, 0.408133, 1
-0.49964, 0.325772, 1
0.801278, 0.238777, 1
-0.644433, -0.201831, 1
-0.742136, 0.528265, 0
-0.507634, 0.0936358, 1
-0.118083, -0.511169, 0
0.4039, -0.479111, 0
-0.753512, 0.31323, 0
0.787916, -0.537507, 0
0.726414, 0.443899, 1
-0.64957, 0.536379, 0
-0.0886001, 0.0477403, 1
0.024183, 0.126305, 0
0.569162, -0.253509, 0
0.80777, 0.565912, 1
0.411969, 0.734345, 1
0.271349, -0.718633, 1
-0.249324, 0.810132, 0
0.365921, -0.0344489, 1
0.330088, 0.294574, 1
-0.4687, 0.3186, 1
0.232111, -0.376441, 0
-0.724266, 0.0548759, 1
-0.373574, -0.201091, 0
-0.609892, -0.0754205, 1
-0.202908, 0.582103, 1
-0.634924, 0.0409376, 1
0.80778, 0.423286, 1
0.856693, -0.476065, 0
0.118373, 0.611776, 0
0.386015, 0.655409, 0
-0.253325, 0.157517, 0
-0.31845, -0.247025, 0
-0.710423, -0.533505, 0
-0.111169, -0.884544, 0
-0.286772, 0.356597, 1
0.278212, -0.482663, 0
-0.411648, -0.372176, 0
0.447693, 0.0224961, 1
0.26683, -0.261474, 1
0.722376, -0.6138, 0
-0.26612, 0.766325, 0
-0.339558, 0.0309598, 0
-0.555296, -0.471847, 1
0.224696, -0.768456, 1
0.273303, -0.0400901, 1
0.492162, -0.0825067, 0
-0.899886, 0.0766852, 0
-0.818722, 0.370719, 0
-0.655852, 0.300932, 0
0.211458, -0.0520971, 0
-0.605976, -0.397549, 1
-0.208454, 0.610413, 1
-0.846551, 0.389583, 0
-0.381501, 0.91241, 1
0.247583, -0.410528, 0
-0.369427, 0.224635, 0
0.936522, 0.278321, 1
-0.42508, 0.88904, 1
-0.799275, -0.283076, 0
-0.422921, -0.740896, 0
-0.335722, -0.212558, 0
0.335252, -0.752554, 1
-0.712779, 0.635275, 1
0.352164, -0.509987, 0
0.594619, -0.287628, 0
-0.0130484, -0.419739, 0
0.547393, 0.366485, 0
0.53708, 0.406036, 0
0.282614, 0.0576991, 1
-0.739623, -0.319986, 0
0.273386, 0.619494, 0
0.182203, -0.204188, 1
-0.628749, 0.454627, 0
-0.300597, 0.85792, 1
0.491454, 0.517716, 0
0.8094, -0.505937, 1
0.14144, -0.94078, 0
0.00291017, -0.00509862, 0
0.636713, -0.066922, 0
-0.556711, -0.664843, 0
-0.305951, 0.466366, 1
0.716912, 0.355828, 1
-0.114894, 0.0814003, 1
0.472458, -0.399253, 0
0.263192, -0.192881, 1
0.0689271, -0.322822, 1
0.479842, 0.183561, 1
0.10087, -0.750868, 1
-0.878196, 0.151167, 0
0.402365, -0.236944, 0
-0.00690641, -0.0772445, 0
0.774626, 0.416737, 1
0.5731, -0.306954, 0
-0.308902, 0.368739, 1
0.521967, 0.235583, 0
-0.363259, -0.754899, 1
0.194668, -0.124908, 1
0.00195537, -0.138832, 1
0.642739, 0.607247, 1
-0.722055, -0.518668, 0
0.68782, 0.215499, 0
-0.364355, 0.592805, 0
0.252286, -0.955785, 0
-0.274014, -0.423965, 0
0.89036, 0.341382, 1
0.627666, 0.753743, 1
0.698961, 0.409076, 1
-0.70907, 0.433093, 0
-0.111567, 0.143481, 0
-0.571753, -0.196837, 1
-0.68982, 0.386356, 0
0.896432, -0.293832, 1
0.899112, -0.402464, 0
-0.503717, 0.276353, 1
-0.0291293, -0.280635, 1
-0.718129, 0.220094, 0
-0.0810068, -0.594958, 0
0.334468, -0.65144, 1
0.755704, -0.422267, 1
0.232186, 0.205595, 1
0.315743, -0.619598, 1
-0.597691, -0.191545, 1
-0.192998, 0.585193, 1
0.645658, 0.756748, 1
-0.725297, -0.633713, 0
-0.628375, 0.366006, 0
-0.352068, -0.924801, 0
-0.762528, 0.146506, 0
0.0481938, 0.581559, 1
0.29544, -0.286539, 1
-0.180168, 0.244275, 0
-0.0312185, -0.437316, 0
-0.257512, 0.0989074, 0
-0.7973, 0.432476, 0
0.706804, -0.363562, 1
-0.628364, -0.190376, 1
0.168574, 0.375824, 1
-0.0222248, 0.557374, 1
0.0442885, -0.456039, 0
-0.261747, -0.130242, 0
0.0599632, 0.65822, 0
0.278347, 0.108242, 1
-0.017234, -0.359109, 1
-0.0398562, -0.256639, 1
0.884206, -0.0590249, 1
-0.361486, 0.168078, 0
-0.476394, -0.660008, 1
0.105076, -0.779662, 1
0.514416, 0.724241, 1
-0.113804, 0.693075, 0
-0.582696, 0.193972, 1
0.425224, 0.831215, 1
-0.177606, 0.121924, 0
-0.0637896, -0.82211, 1
0.364868, -0.0592182, 1
0.377284, 0.0632787, 1
-0.329584, -0.906171, 0
-0.538294, 0.620609, 0
0.618699, 0.746584, 1
-0.595229, -0.690052, 0
0.5804, 0.656738, 1
-0.135208, 0.115329, 1
-0.988741, -0.0675444, 0
-0.447663, 0.676758, 0
-0.50945, 0.799502, 1
-0.317233, 0.690279, 0
0.353058, -0.0606879, 1
0.566591, 0.635054, 1
0.697244, 0.338956, 0
-0.518615, -0.747719, 0
-0.290617, 0.110536, 0
0.0284793, -0.136945, 0
0.161476, -0.630448, 1
0.540292, 0.132212, 0
0.317714, -0.876133, 0
-0.300809, 0.112873, 0
-0.0292479, 0.636062, 0
-0.347577, -0.855361, 0
-0.418775, -0.518551, 1
-0.467362, 0.738068, 0
0.389649, -0.195967, 1
-0.467022, 0.174583, 1
0.684851, 0.252976, 0
0.445819, 0.212643, 1
0.404236, 0.627218, 0
0.623785, 0.182979, 0
-0.209246, 0.561525, 1
0.688445, -0.0809573, 0
-0.303466, -0.278482, 0
0.560148, -0.623198, 1
-0.148121, -0.124491, 1
-0.546976, 0.325082, 1
0.0420352, -0.492479, 0
-0.934453, -0.0741975, 0
-0.384207, -0.0446976, 0
-0.350896, 0.744392, 0
0.635738, 0.711254, 1
0.395217, 0.810029, 1
-0.504194, 0.509717, 0
0.272533, 0.813647, 1
-0.000202873, 0.828443, 0
-0.847696, 0.328134, 0
-0.0513578, -0.899494, 0
-0.721959, -0.628336, 0
-0.849919, -0.326691, 0
-0.106012, 0.441746, 1
-0.0617117, 0.408098, 1
0.733197, -0.589294, 1
-0.0909961, -0.595582, 0
-0.855693, -0.330114, 0
0.637247, 0.0630633, 0
-0.567068, 0.00181276, 1
-0.794045, -0.182278, 0
-0.603093, -0.523561, 1
-0.0628062, 0.71295, 0
-0.181916, 0.625049, 0
0.747166, -0.266902, 1
0.21326, 0.882843, 1
-0.0184887, 0.885749, 1
-0.410093, -0.428778, 1
-0.321866, -0.116345, 0
-0.244572, 0.573782, 1
-0.683682, 0.248657, 0
-0.433556, 0.834694, 1
-0.221213, 0.3156, 0
-0.453886, 0.698654, 0
0.642968, -0.649886, 1
-0.248422, -0.914528, 0
-0.257501, 0.187709, 0
-0.504508, 0.765295, 0
-0.744924, -0.332673, 0
0.0831517, 0.337029, 0
-0.465659, 0.458853, 1
0.314009, 0.895931, 1
0.0910189, 0.709314, 0
0.396128, 0.096154, 1
-0.413809, -0.783351, 0
0.69071, 0.287608, 0
0.174795, 0.383606, 1
-0.778885, -0.215656, 0
-0.108578, 0.702956, 0
0.984329, -0.0846682, 1
-0.716529, 0.30468, 0
-0.703303, -0.254771, 1
-0.803434, -0.177971, 0
-0.461293, -0.483273, 1
-0.217039, 0.858494, 0
0.612334, -0.316108, 0
0.267111, 0.783319, 0
0.164764, -0.190731, 1
0.266209, -0.426798, 0
0.267541, 0.203163, 1
-0.750833, -0.566868, 0
0.723123, 0.0766547, 0
0.158054, -0.109876, 0
-0.272619, -0.473282, 0
0.55797, 0.262238, 0
-0.822541, 0.447096, 0
0.843978, 0.407229, 1
0.269613, -0.125137, 1
-0.699829, 0.595672, 0
-0.893758, -0.125422, 0
-0.418748, -0.25272, 0
-0.280048, -0.236102, 0
0.443906, -0.642899, 1
0.825445, -0.211061, 1
-0.274375, -0.378147, 0
0.224193, 0.154523, 0
0.983342, -0.11311, 1
0.503133, -0.593175, 1
0.524088, -0.109808, 0
0.315969, -0.305974, 0
-0.26492, 0.687345, 0
0.934263, -0.332193, 0
-0.293153, 0.0177671, 0
-0.692641, -0.30575, 1
-0.0272762, 0.531252, 1
0.195511, 0.643448, 0
-0.0260768, 0.0207468, 1
0.15936, 0.308021, 1
0.834629, -0.212783, 1
-0.520001, -0.552774, 1
0.0288825, 0.339788, 0
0.144485, 0.596572, 0
0.756055, 0.0601034, 1
-0.124252, -0.870766, 0
0.573301, -0.0791084, 0
0.00778464, 0.570342, 1
0.877497, 0.298953, 1
-0.830482, 0.476897, 0
0.250752, -0.469374, 0
-0.615288, 0.653708, 0
0.346132, -0.28659, 0
-0.0921776, 0.514072, 1
0.635843, 0.166837, 0
-0.618803, 0.037324, 1
-0.716229, -0.0242083, 1
-0.607824, 0.7002, 0
0.634698, 0.483848, 0
-0.288984, -0.394261, 0
-0.513581, -0.358809, 1
-0.797347, -0.13063, 0
-0.127051, 0.610173, 1
0.308267, -0.200248, 1
0.358809, 0.0714524, 1
-0.142483, -0.0432934, 1
-0.321325, 0.254935, 0
-0.773751, -0.135925, 0
0.487487, 0.780041, 1
0.163587, -0.79358, 1
0.885519, -0.438973, 0
0.796845, 0.103369, 1
-0.719553, 0.457242, 0
0.229001, 0.90126, 1
0.490937, 0.12571, 1
-0.22323, -0.945726, 0
0.285843, 0.235977, 1
-0.0132397, -0.383887, 0
-0.548806, 0.68795, 0
-0.0811623, -0.0502145, 1
-0.036349, -0.614317, 0
-0.880433, 0.0304419, 0
0.824742, 0.0370232, 1
0.360866, -0.61184, 1
0.784725, -0.435568, 1
-0.348123, -0.399896, 0
-0.494717, -0.221267, 1
-0.678102, 0.292184, 0
-0.376915, -0.900839, 0
0.179272, 0.252049, 0
0.457537, 0.605291, 0
0.304799, 0.932411, 1
0.185906, -0.967207, 0
-0.549399, -0.214989, 1
0.447358, 0.0966645, 1
-0.977957, -0.0900243, 0
-0.623647, 0.651149, 0
0.66121, -0.255673, 0
0.0131257, -0.170666, 1
0.541647, -0.587252, 1
0.0419566, 0.583553, 1
0.0835372, -0.121507, 0
-0.543618, -0.431453, 1
-0.603381, 0.47665, 0
0.264187, -0.711402, 1
0.341143, -0.261368, 1
0.135131, -0.459788, 0
-0.538859, 0.376555, 1
0.544595, -0.230885, 0
0.131854, -0.227989, 1
0.439499, -0.713106, 1
0.922291, 0.135566, 1
0.906904, 0.299171, 1
-0.234509, -0.262631, 0
0.1836, -0.701834, 1
0.12256, -0.449236, 0
-0.0548199, -0.600983, 0
-0.0862947, -0.0897826, 1
-0.410122, -0.805918, 0
-0.265669, -0.742509, 1
0.154928, -0.801425, 1
0.119503, -0.590806, 0
-0.0621428, 0.221754, 0
-0.757624, -0.54113, 0
-0.361973, -0.0273103, 0
0.94326, 0.281365, 1
-0.194408, -0.271026, 0
0.0905599, 0.958406, 1
0.237466, 0.226548, 1
-0.371531, 0.660192, 0
0.165749, -0.633033, 1
-0.720184, -0.448719, 0
-0.336105, -0.835154, 0
-0.0984435, 0.208542, 0
0.165716, 0.0395771, 0
0.346503, -0.544973, 0
-0.595224, 0.611911, 0
0.0599211, -0.650445, 1
-0.660726, -0.174306, 1
0.316616, -0.665457, 1
-0.959872, 0.116337, 0
-0.0859368, -0.846663, 1
0.356075, -0.0224165, 1
-0.611485, -0.416478, 1
-0.388171, 0.867584, 1
0.264826, -0.0246869, 1
-0.060381, -0.880106, 0
-0.64462, 0.469456, 0
0.0781695, -0.533906, 0
0.181228, 0.766425, 0
-0.185476, -0.277501, 0
-0.559606, -0.795595, 0
0.208234, 0.5043, 1
-0.785531, -0.617182, 0
0.937597, -0.0818754, 1
0.316018, -0.810379, 1
0.73263, -0.264315, 1
0.458285, 0.482287, 0
0.307809, -0.772682, 1
-0.458833, -0.188911, 0
0.233355, 0.390537, 1
-0.15311, -0.282367, 1
0.329459, 0.0105515, 1
-0.345993, 0.18214, 0
-0.210923, -0.239057, 0
0.825497, -0.169266, 1
0.528528, -0.274623, 0
-0.233706, 0.367539, 1
-0.32004, 0.785985, 0
0.179743, 0.444127, 1
0.419398, -0.163321, 1
-0.493135, -0.509005, 1
0.189565, -0.633515, 1
0.549014, -0.512547, 1
-0.587098, -0.102484, 1
-0.220047, -0.11263, 1
0.223284, 0.715829, 0
-0.391511, -0.836019, 0
-0.559071, 0.0931755, 1
0.381518, 0.882771, 1
0.342673, 0.704008, 0
-0.586314, 0.624712, 0
0.758515, 0.211184, 1
0.286328, 0.00163367, 1
0.181795, -0.976308, 0
-0.530781, -0.396107, 1
-0.362731, 0.242221, 0
-0.347476, -0.333787, 0
0.611375, -0.389227, 1
0.681252, -0.0479014, 0
0.0651487, 0.093707, 0
-0.433117, 0.40259, 1
0.508832, 0.316453, 0
-0.368543, -0.642691, 1
0.469773, 0.592736, 0
-0.627014, -0.22523, 1
-0.783992, -0.367925, 0
-0.103783, -0.974915, 0
0.0653383, -0.102042, 0
-0.579044, 0.0733335, 1
-0.562468, -0.308904, 1
0.170117, -0.381053, 0
-0.0591247, 0.305007, 0
0.0279144, 0.665276, 0
-0.685065, 0.71168, 1
0.76993, 0.459183, 1
0.131209, -0.0674006, 0
-0.302165, -0.669605, 1
0.0659224, 0.301274, 0
0.835742, -0.0315739, 1
0.897063, 0.0123319, 1
-0.190425, -0.756533, 1
0.71385, -0.457009, 1
-0.702202, 0.0829757, 1
-0.239438, 0.10406, 0
-0.629882, -0.095074, 1
0.575837, 0.623469, 1
0.829841, -0.385312, 1
-0.0823324, -0.510632, 0
-0.472402, 0.587506, 0
0.23962, 0.0800732, 0
0.449232, 0.427774, 0
0.264341, -0.719407, 1
-0.68911, -0.203425, 1
0.362834, 0.239724, 1
0.625784, -0.0444786, 0
0.78905, -0.608042, 0
0.445781, 0.458992, 0
-0.135038, 0.6284, 0
0.168267, -0.025427, 0
0.826742, -0.346464, 1
-0.535725, 0.0849386, 1
0.814136, -0.0217716, 1
-0.391928, 0.0512178, 0
0.114293, 0.529992, 1
-0.771929, 0.265808, 0
-0.0357253, 0.729663, 0
0.285913, -0.456117, 0
-0.596777, 0.0206383, 1
-0.823771, -0.144022, 0
-0.270105, 0.960955, 1
-0.0711064, 0.693581, 0
-0.217224, -0.816711, 1
-0.460983, 0.205483, 1
-0.410834, 0.0616865, 0
-0.755962, -0.266734, 0
0.320022, -0.842181, 1
0.363343, -0.841128, 0
-0.406972, 0.140493, 0
-0.188838, -0.716944, 1
0.931217, 0.215339, 1
0.459911, -0.869758, 0
0.673706, 0.169311, 0
0.0685244, -0.889079, 0
0.67252, 0.280842, 0
-0.820339, 0.3668, 0
-0.174652, 0.722187, 0
0.636919, 0.219618, 0
0.0387077, 0.509093, 1
-0.278092, -0.869666, 0
-0.568932, 0.647008, 0
0.461698, -0.868975, 0
-0.523158, 0.596522, 0
0.646302, 0.69262, 1
0.527879, 0.718901, 1
-0.0452877, -0.257138, 1
0.413551, -0.416946, 0
0.135569, 0.475026, 1
-0.42065, 0.23268, 1
-0.327228, 0.385204, 1
0.0389648, 0.937819, 1
0.026687, -0.912773, 0
-0.349034, 0.818748, 0
0.0126056, -0.635696, 1
0.776866, -0.59575, 0
0.629256, 0.0234406, 0
-0.320125, 0.30938, 1
0.358139, -0.582147, 1
-0.574404, 0.0713309, 1
0.12895, 0.253765, 0
0.54041, -0.292135, 0
0.515299, -0.603977, 1
0.880442, -0.446643, 0
0.298702, -0.273685, 1
0.691509, -0.0535683, 0
-0.639933, -0.00324994, 1
-0.895687, -0.40028, 0
0.833822, 0.463259, 1
0.708814, -0.540647, 1
-0.56734, 0.421298, 0
-0.785596, -0.436543, 0
-0.889985, -0.344215, 0
-0.142217, -0.694639, 1
-0.164769, 0.610051, 1
-0.765654, 0.45996, 0
0.105676, 0.528807, 1
-0.899859, 0.27929, 0
-0.00893868, -0.872397, 1
0.631045, -0.0517703, 0
-0.393958, -0.65036, 1
0.629568, -0.376794, 1
-0.38519, 0.713196, 0
0.489204, 0.216041, 0
-0.62837, -0.0455853, 1
0.172386, 0.748929, 0
0.762338, -0.298339, 1
0.199882, 0.126621, 0
-0.414877, -0.382656, 1
0.596269, 0.372369, 0
0.147983, 0.318119, 1
-0.325359, 0.474343, 1
-0.80186, -0.219014, 0
0.478574, -0.344149, 0
0.522323, 0.368755, 0
-0.35231, 0.0294384, 0
0.00204974, 0.507091, 1
-0.203767, 0.0360347, 1
0.499397, 0.647968, 0
0.863105, 0.419481, 1
-0.709817, 0.199972, 0
-0.940546, -0.00437903, 0
0.832509, 0.279733, 1
0.345182, -0.0722995, 1
0.636607, 0.748652, 1
0.548819, 0.740703, 1
-0.707442, -0.392765, 0
-0.399621, 0.187794, 0
-0.584765, -0.387331, 1
0.632235, -0.757052, 0
0.258152, 0.403664, 1
-0.260509, -0.372387, 0
0.684449, 0.578283, 1
0.465956, -0.0864053, 1
0.167592, 0.707167, 0
-0.66295, 0.363521, 0
-0.853044, 0.0416417, 0
0.83644, -0.477056, 0
-0.0249334, -0.0277418, 0
0.5305, -0.0810611, 0
-0.527344, 0.464414, 0
-0.543777, 0.300009, 1
0.896847, 0.365749, 1
-0.397595, 0.679837, 0
-0.393749, 0.69001, 0
-0.415649, 0.883257, 1
0.680186, 0.622343, 1
0.0843988, 0.938055, 1
-0.56193, -0.356203, 1
0.268462, -0.754482, 1
0.810021, 0.186068, 1
-0.425845, -0.619418, 1
0.788436, 0.542663, 1
0.560521, -0.176897, 0
-0.51704, -0.463428, 1
0.67624, -0.736265, 0
-0.631883, 0.287015, 1
0.629911, 0.211143, 0
-0.660672, -0.516319, 0
-0.191342, 0.585671, 1
-0.683232, -0.0568631, 1
-0.0983566, -0.470312, 0
-0.0561767, 0.888773, 1
0.845523, 0.483418, 1
-0.280849, 0.186486, 0
0.684003, -0.0552534, 0
-0.711099, -0.482045, 0
-0.654556, -0.567469, 0
-0.210899, 0.651746, 0
-0.777421, 0.111964, 0
0.591387, 0.191959, 0
0.942541, -0.319984, 0
0.420187, -0.414543, 0
0.30043, 0.36837, 1
0.336185, 0.846875, 1
-0.277825, -0.452947, 0
0.23911, 0.931097, 1
0.333096, 0.447763, 1
-0.743946, 0.644635, 1
0.939099, -0.232141, 1
-0.495648, -0.0589464, 0
0.573333, -0.718079, 1
-0.351762, 0.143841, 0
-0.120189, 0.817584, 0
-0.263194, 0.146208, 0
-0.118521, -0.212443, 1
-0.772591, -0.051099, 0
0.472543, -0.653318, 1
0.303054, 0.468031, 1
-0.877761, -0.370194, 0
-0.625538, -0.589085, 0
0.630692, 0.707656, 1
-0.411463, -0.0994731, 0
-0.394592, 0.543013, 1
-0.802942, 0.259947, 0
0.723234, 0.389133, 1
0.315339, -0.78318, 1
-0.783765, -0.375559, 0
-0.0665022, -0.42209, 0
0.597818, 0.0522699, 0
-0.23091, -0.127202, 1
0.233399, 0.897728, 1
-0.684084, 0.266074, 0
0.428677, 0.259372, 1
-0.330851, -0.846014, 0
0.124273, -0.840376, 1
0.298667, 0.930454, 1
-0.281649, -0.088656, 0
-0.104928, -0.791653, 1
-0.610935, 0.634379, 0
0.492309, -0.351261, 0
0.187765, 0.142596, 0
0.62146, -0.0482025, 0
-0.0324341, -0.60329, 0
-0.777327, -0.583218, 0
0.49607, 0.688231, 1
-0.566103, -0.591843, 0
0.0648982, -0.430944, 0
0.295551, -0.41719, 0
-0.974703, 0.137649, 0
-0.641156, -0.638231, 0
0.156361, 0.298214, 1
0.143855, 0.94346, 1
-0.211904, -0.953124, 0
-0.00676902, -0.0787735, 0
-0.431334, -0.812237, 0
-0.609276, 0.586191, 0
-0.309458, 0.725883, 0
0.200718, -0.869933, 1
0.208351, 0.916127, 1
-0.278473, 0.634273, 0
0.624464, -0.220585, 0
0.315535, -0.642518, 1
-0.220293, -0.911359, 0
-0.530172, -0.614954, 1
0.203158, -0.685553, 1
-0.428081, -0.281206, 0
-0.418872, 0.311634, 1
0.384826, 0.748892, 1
-0.182912, 0.925809, 1
-0.677952, -0.705584, 0
-0.85202, -0.171653, 0
0.648208, -0.311277, 1
-0.796893, 0.518028, 0
-0.85111, 0.100855, 0
0.863592, -0.362546, 1
-0.362558, -0.549653, 1
-0.143755, -0.960668, 0
0.163434, -0.162147, 1
0.306896, 0.176978, 1
0.667124, 0.297434, 0
0.428816, 0.36885, 0
0.706849, 0.435467, 1
0.532043, -0.0283599, 0
0.497175, 0.276395, 0
-0.590682, 0.723788, 1
0.118764, 0.0216667, 0
-0.0912695, 0.130485, 1
0.800071, 0.183267, 1
0.760173, -0.161662, 1
0.627182, 0.331386, 0
0.492798, 0.686146, 1
-0.76681, -0.292163, 0
0.553316, -0.666307, 1
0.738674, -0.0639593, 0
0.861543, 0.0675226, 1
-0.613393, 0.218036, 1
-0.424094, 0.79003, 0
-0.63456, -0.515054, 0
0.406256, -0.207205, 1
-0.163215, 0.563671, 1
-0.0572418, -0.00929947, 1
0.813322, -0.109315, 1
0.612945, 0.236937, 0
-0.559833, -0.387379, 1
-0.577121, 0.175063, 1
0.650519, -0.233106, 0
0.543478, -0.715853, 1
-0.214545, -0.514331, 0
-0.037855, -0.487858, 0
0.608927, 0.466761, 0
-0.698043, 0.392907, 0
0.324051, -0.745287, 1
0.458804, -0.435931, 0
-0.532276, 0.54521, 0
-0.222655, -0.491853, 0
-0.613212, 0.690044, 0
0.695262, -0.252004, 1
0.682731, 0.359318, 0
0.478001, -0.0643112, 1
-0.981252, -0.112942, 0
-0.369921, -0.0241287, 0
0.185059, -0.713117, 1
0.605151, 0.285407, 0
0.104248, 0.371685, 1
0.29353, -0.613422, 1
0.127441, -0.861222, 1
0.0508218, -0.641994, 1
-0.127116, 0.531354, 1
-0.0567104, -0.279962, 1
0.199072, 0.889115, 1
-0.517202, 0.742452, 0
0.0927862, -0.583796, 0
-0.835917, -0.38174, 0
0.0493102, 0.0259073, 0
-0.107034, -0.607749, 1
0.389513, 0.903251, 1
0.533901, 0.240197, 0
-0.495303, 0.822068, 1
-0.603643, -0.616156, 0
-0.178315, 0.176895, 0
-0.185513, -0.569409, 0
-0.66962, 0.125244, 1
-0.149502, -0.428283, 0
0.815455, 0.472302, 1
-0.0601927, -0.626568, 1
0.939514, 0.33871, 1
-0.00335046, 0.964672, 1
-0.105611, 0.744261, 0
0.600175, 0.579627, 1
0.359484, -0.79085, 1
-0.356728, 0.845696, 1
-0.259463, -0.28079, 0
-0.162626, -0.752212, 1
-0.720247, -0.211634, 1
0.125375, 0.035708, 0
-0.405832, -0.26664, 0
-0.269987, -0.438066, 0
-0.657493, 0.613364, 0
-0.815355, 0.150127, 0
0.427628, -0.744634, 1
0.215079, 0.279657, 1
-0.129637, -0.817722, 1
0.272224, -0.708626, 1
-0.0107547, -0.606169, 0
-0.731108, 0.664023, 1
0.292188, 0.286343, 1
0.138474, 0.140832, 0
-0.31502, -0.230934, 0
-0.694011, -0.216425, 1
0.884235, -0.162762, 1
-0.350586, 0.45256, 1
0.56751, -0.72905, 1
0.226117, -0.801282, 1
0.846457, -0.131091, 1
-0.813019, -0.217943, 0
0.67632, 0.0526684, 0
-0.155584, 0.352864, 0
0.614668, -0.250998, 0
0.304781, 0.823918, 1
0.0170082, 0.463672, 1
0.169414, -0.235971, 1
-0.901435, -0.401486, 0
-0.268238, 0.0153572, 0
0.358662, 0.781735, 1
0.370441, 0.711393, 0
0.677506, -0.205679, 0
-0.393481, -0.0852241, 0
0.176624, -0.170011, 1
0.299798, 0.420913, 1
-0.0511933, -0.280857, 1
-0.724932, 0.581484, 0
-0.926732, -0.128235, 0
0.391999, -0.113595, 1
0.325366, 0.934059, 1
0.353418, -0.186753, 1
-0.556594, -0.752016, 0
-0.585344, -0.389708, 1
0.22731, -0.836349, 1
0.589704, -0.436442, 1
0.187183, -0.79827, 1
0.687555, 0.564153, 1
-0.491973, -0.481466, 1
0.779928, 0.0519814, 1
-0.140068, 0.22445, 0
0.653369, -0.656326, 1
-0.669253, -0.263118, 1
0.500341, -0.324, 0
-0.428526, -0.890587, 0
0.00731484, 0.19188, 0
-0.104465, 0.190769, 0
-0.358981, -0.158827, 0
0.795532, 0.457673, 1
-0.415224, -0.285645, 0
0.463944, -0.105257, 1
-0.899827, 0.43124, 1
0.75972, 0.241533, 1
0.0210552, -0.108856, 0
0.641131, 0.727699, 1
-0.0594239, -0.691092, 1
-0.596651, -0.038965, 1
0.42909, -0.142063, 1
0.509552, -0.819828, 0
0.612798, 0.515976, 0
-0.26726, -0.353838, 0
-0.411956, 0.0770419, 0
0.829444, -0.189692, 1
-0.850358, -0.325541, 0
0.43748, -0.422127, 0
0.447586, -0.876643, 0
0.392698, 0.799467, 1
0.0414974, 0.187018, 0
-0.91641, -0.00265567, 0
-0.131238, 0.797928, 0
-0.557275, 0.26131, 1
-0.542081, -0.110574, 1
-0.130796, -0.0156925, 1
0.370097, 0.244505, 1
-0.206981, 0.933761, 1
0.326309, 0.604088, 0
0.0952887, 0.858799, 0
-0.271963, -0.247322, 0
0.246626, -0.35747, 0
0.953124, 0.0236804, 1
0.0632707, 0.166641, 0
0.00845355, -0.374918, 1
-0.16316, 0.590604, 1
0.0621184, -0.917982, 0
-0.798425, 0.509534, 0
0.253961, 0.244216, 1
0.456714, -0.553248, 1
0.130231, 0.55253, 1
-0.0459596, -0.419589, 0
0.890219, 0.144315, 1
-0.268737, -0.593584, 1
0.18953, -0.247708, 1
0.530993, -0.383264, 0
0.657429, 0.710563, 1
0.985735, -0.0225364, 1
0.127202, 0.188234, 0
-0.0429519, -0.61344, 0
-0.486679, 0.457704, 1
0.907999, -0.197952, 1
-0.0847003, -0.527528, 0
0.757969, 0.180828, 1
0.621464, -0.389059, 1
0.0373989, -0.183287, 1
-0.277152, 0.917881, 1
-0.774986, 0.0203198, 0
0.740103, -0.193148, 1
-0.64456, -0.0982102, 1
0.959343, -0.207473, 1
-0.363399, 0.16413, 0
0.192283, -0.952773, 0
0.0923026, 0.876781, 1
-0.255389, -0.476762, 0
-0.612183, 0.37612, 0
-0.145966, -0.811832, 1
0.158215, -0.303998, 1
-0.498215, 0.501468, 0
0.425854, -0.833447, 0
0.0530004, 0.927312, 1
-0.808933, -0.20318, 0
0.924282, -0.237638, 1
0.647151, 0.3398, 0
-0.549192, -0.508988, 1
0.897424, -0.041642, 1
0.290627, 0.635034, 0
0.0594284, -0.029956, 0
-0.139792, 0.959812, 1
-0.26068, 0.295875, 0
-0.772179, -0.368344, 0
-0.286787, -0.722491, 1
-0.196632, 0.536676, 1
-0.185305, 0.681292, 0
-0.0540624, 0.979562, 1
-0.383129, 0.631246, 0
0.649327, -0.45472, 1
-0.479235, -0.442734, 1
-0.186608, 0.693865, 0
-0.870353, -0.233102, 0
-0.514876, 0.489684, 0
0.309461, -0.285473, 1
0.218228, 0.968136, 1
-0.21938, -0.263428, 0
-0.544428, 0.58018, 0
-0.960329, 0.210635, 1
-0.538738, 0.270067, 1
-0.341116, 0.831287, 0
0.522792, 0.237676, 0
0.445072, 0.717932, 1
0.783165, 0.308346, 1
0.618471, -0.307543, 0
-0.165647, 0.273847, 0
0.516874, -0.461307, 1
0.12472, 0.145622, 0
0.406921, -0.190117, 1
-0.236465, 0.916836, 1
-0.303014, -0.0733134, 0
-0.060347, -0.0531815, 1
-0.367183, -0.518189, 1
0.0854984, 0.308465, 0
-0.443633, -0.649488, 1
-0.278072, 0.951235, 1
-0.362736, -0.472036, 1
-0.0848256, 0.667875, 0
0.175661, -0.742799, 1
-0.629067, 0.654523, 0
-0.771785, -0.510849, 0
0.898494, -0.199946, 1
-0.920787, -0.296146, 0
-0.00394896, -0.18417, 1
-0.226114, -0.376634, 0
-0.143486, 0.714649, 0
-0.43313, 0.154995, 0
0.226852, -0.705665, 1
-0.00617753, -0.766996, 1
0.288399, -0.767645, 1
0.955982, -0.16422, 1
-0.103579, -0.42631, 0
-0.755832, -0.340907, 0
0.855653, 0.480304, 1
0.716245, -0.0471013, 0
0.546177, -0.668938, 1
-0.0604019, 0.161091, 0
0.579097, 0.424544, 0
-0.100686, 0.737204, 0
0.00548849, -0.364153, 1
-0.00386435, -0.264378, 1
-0.107956, -0.940333, 0
-0.447121, 0.106136, 0
-0.0134794, -0.275832, 1
-0.696642, -0.617267, 0
0.856211, -0.217618, 1
-0.109732, 0.111915, 1
0.595804, 0.499621, 0
-0.241714, -0.712571, 1
0.392278, 0.299798, 1
0.236822, 0.87937, 1
-0.544819, -0.703332, 0
0.037141, -0.738712, 1
0.0308642, -0.371502, 1
0.284397, -0.775633, 1
-0.74948, 0.538584, 0
-0.564519, -0.449382, 1
0.353848, 0.511305, 0
-0.771457, -0.529863, 0
0.682071, 0.608047, 1
-0.966415, 0.0431701, 0
-0.425338, -0.766757, 0
-0.341774, 0.65427, 0
-0.673928, -0.00315604, 1
-0.328985, 0.407738, 1
-0.525378, -0.374975, 1
0.282131, 0.135764, 1
0.774369, 0.139218, 1
-0.0158048, -0.283645, 1
-0.0727417, -0.974089, 0
0.834635, 0.428472, 1
-0.150268, -0.444727, 0
0.46934, -0.239732, 0
-0.113474, 0.864851, 0
-0.314754, 0.284582, 0
0.430632, 0.733909, 1
-0.273007, -0.223568, 0
-0.105903, 0.928014, 1
0.183887, 0.438691, 1
0.597249, -0.764668, 0
0.205497, 0.677051, 0
-0.513665, 0.434167, 1
-0.605722, 0.762042, 1
0.650084, -0.603648, 1
0.925749, 0.030372, 1
-0.0348576, 0.924071, 1
0.62304, -0.17947, 0
0.384829, -0.126113, 1
0.237681, -0.184972, 1
-0.670534, -0.457519, 0
-0.182822, -0.0872255, 1
-0.825739, 0.234386, 0
0.189025, -0.0780357, 0
0.492596, 0.0524806, 1
0.589442, 0.0863999, 0
-0.818669, -0.283775, 0
0.411033, 0.521309, 0
-0.680085, -0.327678, 1
0.141702, -0.0536598, 0
-0.380098, -0.0749836, 0
0.748118, -0.525292, 1
0.737402, -0.497598, 1
-0.914761, -0.148671, 0
-0.441055, -0.203166, 0
-0.738702, -0.092644, 1
0.266026, 0.87367, 1
0.512583, 0.389128, 0
-0.156481, -0.817188, 1
0.808042, 0.0951558, 1
-0.185105, -0.488008, 0
0.080987, 0.325323, 0
0.325604, 0.683981, 0
-0.740568, 0.0077993, 1
0.863665, 0.215342, 1
0.60649, 0.572325, 1
0.0113677, 0.33328, 0
-0.0794567, 0.200796, 0
0.092014, 0.530443, 1
-0.0637671, 0.101841, 1
0.810547, 0.169707, 1
-0.846245, 0.269567, 0
0.483103, 0.421513, 0
-0.190601, 0.146879, 0
0.863852, -9.14597e-05, 1
-0.725443, 0.231599, 0
0.665509, 0.440929, 1
-0.598812, -0.521738, 1
-0.82007, -0.183082, 0
-0.527315, 0.255816, 1
-0.0915569, -0.0283027, 1
-0.334499, 0.293346, 1
0.108498, -0.0914454, 0
-0.120141, -0.440219, 0
-0.0354732, 0.807458, 0
-0.455192, -0.191968, 0
-0.179777, -0.0868236, 1
-0.185877, 0.147404, 0
-0.683243, 0.427134, 0
-0.506878, -0.403921, 1
-0.51578, -0.739911, 0
0.664351, -0.144843, 0
0.762523, 0.571485, 1
0.128203, 0.418353, 1
0.352568, 0.542794, 0
0.571027, -0.153958, 0
0.438904, 0.415507, 0
-0.823294, 0.0500117, 0
0.0192351, -0.232336, 1
-0.0698741, -0.0897404, 1
0.630506, 0.355138, 0
0.424719, -0.578741, 1
-0.595273, -0.62424, 0
-0.945196, 0.312417, 1
0.890575, -0.021531, 1
-0.418844, 0.123852, 0
-0.0581267, -0.233283, 1
-0.0579441, 0.952654, 1
-0.00157025, -0.885292, 0
0.093789, 0.894286, 1
-0.230025, 0.734773, 0
0.421146, -0.5128, 0
-0.528934, -0.39525, 1
0.844561, 0.192166, 1
0.342816, -0.0593674, 1
0.394508, 0.640841, 0
0.257995, -0.200431, 1
0.730649, 0.322383, 1
-0.0108174, -0.809622, 1
-0.873602, -0.205435, 0
0.547015, 0.311797, 0
0.812034, -0.375273, 1
-0.24621, 0.644441, 0
-0.426599, -0.871314, 0
-0.797015, 0.0730251, 0
0.879316, -0.291138, 1
0.649602, -0.0381396, 0
-0.762484, 0.520138, 0
-0.930993, 0.21866, 0
-0.542428, -0.334915, 1
0.0351287, 0.232825, 0
-0.507052, -0.000568242, 1
-0.404867, 0.4966, 1
0.781736, 0.575656, 1
-0.335712, -0.166174, 0
0.37395, -0.377341, 0
0.573334, 0.355619, 0
0.434484, 0.422056, 0
0.191934, -0.0115117, 0
0.791164, -0.0394939, 1
-0.426533, -0.586298, 1
-0.356516, 0.107875, 0
0.678286, -0.173464, 0
-0.0207903, 0.237606, 0
-0.275491, -0.675795, 1
0.818396, -0.547076, 0
-0.0986186, -0.282708, 1
0.359058, 0.536141, 0
0.511482, -0.836116, 0
0.490597, 0.224149, 0
0.613193, 0.207602, 0
0.457223, 0.715822, 1
-0.285613, 0.0643855, 0
-0.425595, 0.42642, 1
-0.518103, 0.444922, 1
0.327526, 0.63552, 0
-0.899364, -0.392708, 0
0.671402, -0.672668, 0
0.27328, -0.810318, 1
0.495621, 0.688251, 1
0.464927, -0.774862, 1
0.204057, -0.488439, 0
-0.00631121, 0.44197, 1
-0.427563, 0.603025, 0
0.676834, -0.437035, 1
0.389855, 0.422511, 0
0.260608, -0.0767931, 1
-0.181947, 0.261995, 0
-0.302218, -0.903949, 0
0.351615, 0.86734, 1
0.373244, -0.268099, 0
-0.533131, -0.614843, 1
0.200383, 0.321558, 1
0.00467479, -0.287086, 1
0.457356, -0.353452, 0
0.620126, -0.413816, 1
-0.722617, -0.308916, 0
0.764723, -0.347883, 1
-0.190731, 0.81405, 0
-0.654662, 0.386864, 0
-0.0816922, -0.225626, 1
0.918665, -0.0932802, 1
-0.468537, 0.467569, 1
0.775003, -0.471283, 1
0.987567, 0.0471754, 1
0.0318898, 0.487427, 1
0.66777, 0.216425, 0
0.236801, -0.150969, 1
0.00703857, 0.646868, 0
0.260944, 0.520954, 1
0.0667014, -0.53319, 0
-0.660293, -0.649989, 0
-0.23513, 0.421556, 1
-0.213248, 0.814192, 0
0.597668, 0.0163179, 0
-0.761058, -0.512694, 0
-0.304359, -0.673136, 1
0.690374, -0.275338, 1
-0.876595, 0.408794, 1
-0.759983, -0.437517, 0
0.77639, -0.379558, 1
-0.468918, 0.866679, 1
0.0242676, 0.700423, 0
0.78088, -0.546818, 0
-0.559987, -0.757475, 0
-0.203934, -0.932602, 0
0.60322, -0.163945, 0
-0.718724, -0.325621, 0
0.129199, 0.957394, 1
0.30379, 0.264558, 1
-0.100018, -0.196472, 1
0.294928, -0.20738, 1
0.0478055, 0.0422509, 0
0.798268, -0.155963, 1
0.913362, 0.0453767, 1
-0.909526, 0.359692, 1
-0.915187, -0.0135597, 0
0.526948, 0.240896, 0
0.068173, -0.103784, 0
0.300764, 0.804293, 1
0.515189, -0.244056, 0
-0.321285, 0.481609, 1
0.417867, 0.678082, 0
-0.257255, -0.0138529, 0
-0.013234, 0.255444, 0
-0.0455029, 0.736884, 0
0.866074, -0.385109, 1
0.358398, 0.570255, 0
0.364589, -0.00877529, 1
0.0403462, 0.222839, 0
-0.390567, 0.670648, 0
0.31187, -0.263421, 1
0.229734, -0.00685649, 0
0.202499, 0.253275, 1
0.79947, 0.478447, 1
-0.60536, 0.477449, 0
0.4383, 0.719109, 1
0.143246, -0.274245, 1
-0.474156, 0.467239, 1
0.293821, -0.791732, 1
0.40595, 0.443427, 0
-0.517751, 0.460112, 0
0.135989, -0.0959291, 0
0.10881, 0.965943, 1
0.238786, -0.749775, 1
0.212794, 0.349281, 1
-0.714955, -0.569549, 0
0.932747, 0.141703, 1
0.512791, -0.107891, 0
-0.168184, -0.680534, 1
-0.229916, -0.79475, 1
0.0289355, -0.257517, 1
-0.308689, 0.536829, 1
-0.198392, 0.789709, 0
-0.249957, 0.618592, 0
-0.383726, 0.710636, 0
-0.577705, 0.151431, 1
0.0146216, 0.978327, 1
0.104834, 0.775871, 0
0.1586, -0.77887, 1
0.570501, 0.0435345, 0
0.526159, 0.663415, 1
0.58683, -0.63642, 1
0.29888, 0.621494, 0
-0.148798, -0.0693508, 1
-0.131874, -0.787806, 1
-0.368901, 0.498244, 1
0.143167, -0.805952, 1
0.825397, 0.403432, 1
-0.409673, 0.70074, 0
0.982116, -0.08702, 1
-0.584989, 0.399562, 0
0.552421, 0.57401, 0
0.349143, 0.689153, 0
-0.543365, -0.399198, 1
-0.54187, 0.0391894, 1
-0.606704, 0.1606, 1
-0.608803, -0.149421, 1
0.165869, 0.352413, 1
0.0120087, -0.965008, 0
-0.262751, -0.519837, 0
0.52636, -0.635864, 1
-0.366902, 0.89405, 1
-0.330303, 0.551713, 1
0.378002, -0.468176, 0
-0.0185377, 0.695507, 0
0.488991, -0.728601, 1
-0.336974, 0.646271, 0
0.82989, 0.179009, 1
0.429697, 0.347916, 1
0.307507, -0.00813651, 1
0.0110477, -0.256369, 1
0.13984, 0.60584, 0
-0.315429, -0.386142, 0
-0.635252, 0.0957449, 1
0.898573, 0.432092, 1
0.948232, 0.164203, 1
-0.53536, 0.782228, 1
0.876877, 0.452625, 1
0.330142, 0.514816, 0
-0.691449, -0.078533, 1
0.306857, 0.46765, 1
-0.0675961, -0.775347, 1
-0.755108, 0.397416, 0
-0.0183277, -0.115586, 1
-0.919302, -0.29125, 0
0.445477, -0.414497, 0
-0.875015, 0.446814, 1
0.404056, -0.254979, 0
0.306374, 0.623048, 0
-0.286528, 0.25126, 0
-0.213465, -0.288498, 0
0.359207, -0.492656, 0
-0.0565679, -0.835828, 1
-0.790066, 0.225327, 0
0.0947684, 0.4429, 1
-0.00882221, -0.742811, 1
0.0690438, -0.057145, 0
0.468399, -0.435662, 0
0.383208, 0.805097, 1
0.283487, 0.313383, 1
-0.956296, -0.0305516, 0
-0.429345, 0.110666, 0
0.154908, -0.63589, 1
0.0985965, -0.149375, 1
0.253579, -0.438545, 0
-0.14668, 0.505332, 1
-0.296192, 0.246435, 0
0.21898, -0.127734, 1
-0.498523, 0.045995, 1
0.73067, -0.361562, 1
-0.342543, 0.78914, 0
-0.329884, -0.60987, 1
0.139015, -0.257694, 1
-0.00440998, 0.0265119, 1
-0.115837, 0.451786, 1
-0.108451, -0.544736, 0
0.123586, 0.127379, 0
-0.527416, 0.691252, 0
-0.633492, -0.430021, 1
-0.0605296, -0.743571, 1
0.256834, -0.283792, 1
-0.366079, 0.437346, 1
-0.42355, -0.69708, 1
0.588798, 0.688526, 1
0.397143, -0.17049, 1
0.912706, -0.0371816, 1
0.649413, -0.404496, 1
0.256443, 0.87307, 1
0.0687432, -0.232334, 1
-0.197845, 0.970724, 1
0.699593, 0.44474, 1
0.584986, -0.170881, 0
-0.807443, 0.339907, 0
0.194454, 0.0232306, 0
-0.147986, -0.754103, 1
0.246532, 0.693547, 0
-0.829496, 0.0868358, 0
0.349176, 0.848779, 1
-0.123092, -0.967192, 0
0.148273, -0.281182, 1
-0.101722, 0.630729, 0
-0.197758, -0.210282, 1
0.0939663, -0.370131, 1
-0.864952, -0.257283, 0
0.756238, -0.151262, 1
0.835887, 0.141453, 1
-0.00173802, 0.432739, 1
-0.378851, 0.504683, 1
0.624526, 0.195754, 0
0.231687, -0.351703, 1
0.552781, 0.440991, 0
-0.486345, 0.636017, 0
0.475872, -0.104017, 0
0.789397, 0.07521, 1
-0.293305, -0.577095, 1
-0.431144, 0.0789775, 0
-0.511353, -0.471778, 1
-0.960524, -0.229403, 0
0.430478, 0.875173, 1
0.11717, -0.485939, 0
-0.510858, 0.760551, 0
-0.615899, 0.687805, 0
0.617763, 0.736547, 1
-0.877038, -0.319018, 0
-0.253167, 0.527803, 1
0.304105, -0.611263, 1
-0.333612, -0.0730089, 0
-0.408046, -0.412849, 1
-0.713995, -0.293705, 1
0.381069, 0.581228, 0
0.309805, -0.943997, 0
-0.451639, -0.662863, 1
-0.267502, 0.717297, 0
0.368103, 0.889877, 1
-0.761482, -0.60695, 0
0.522006, -0.46823, 1
-0.203516, -0.632993, 1
-0.150288, 0.495347, 1
-0.368158, -0.278054, 0
0.883825, 0.271868, 1
0.301524, -0.784812, 1
0.238483, -0.374793, 0
-0.162815, -0.0580586, 1
0.120835, 0.25391, 0
0.11666, -0.396132, 0
0.187075, -0.349439, 1
-0.111186, -0.237434, 1
-0.592366, 0.168919, 1
0.484952, -0.0644554, 1
0.326916, 0.0921906, 1
0.00938633, 0.664415, 0
0.223373, 0.618579, 0
0.154012, -0.245578, 1
0.15959, 0.849954, 1
-0.481641, 0.329652, 1
0.77828, 0.0729159, 1
0.51839, 0.735924, 1
0.685102, 0.0779774, 0
0.00922768, 0.0932257, 1
-0.00422432, 0.799036, 0
-0.869848, 0.0534483, 0
-0.165179, -0.523051, 0
0.393186, 0.248718, 1
-0.476489, 0.797844, 1
0.774937, -0.0410284, 1
0.792645, -0.432355, 1
-0.266353, -0.199688, 0
0.0713051, 0.293552, 0
-0.401754, -0.847588, 0
-0.0948306, -0.88569, 0
0.170929, 0.418735, 1
-0.686225, -0.453851, 0
-0.0854652, -0.0442347, 1
0.12265, 0.762088, 0
-0.69621, -0.0814851, 1
0.401681, -0.167387, 1
-0.336507, -0.60961, 1
0.464239, -0.103213, 1
0.134645, 0.845781, 0
0.393377, -0.147036, 1
0.899837, -0.000999317, 1
-0.569987, -0.431561, 1
-0.523498, 0.241273, 1
-0.591941, 0.731929, 1
-0.261256, -0.67839, 1
0.219111, 0.680752, 0
-0.528092, -0.552138, 1
-0.94588, 0.29241, 1
-0.854847, 0.0499131, 0
-0.311492, -0.481819, 0
0.292542, -0.605573, 1
0.107556, 0.657257, 0
-0.0301855, 0.480412, 1
-0.0454762, 0.215501, 0
-0.0374468, -0.363265, 1
-0.626375, -0.310399, 1
-0.375891, 0.359978, 1
0.423044, 0.605133, 0
-0.577239, -0.70467, 0
-0.166872, -0.390147, 0
0.635109, -0.461886, 1
0.750228, 0.292416, 1
0.707202, 0.46786, 1
-0.174624, 0.362004, 0
0.386027, -0.239465, 1
0.485861, 0.376838, 0
0.35324, 0.931503, 1
0.245299, 0.388981, 1
-0.386929, 0.00472668, 0
-0.488977, 0.07655, 1
0.0170045, -0.549597, 0
-0.468602, 0.783391, 0
-0.388845, -0.414646, 1
0.430933, -0.52441, 0
0.237518, -0.112061, 1
0.363663, 0.345436, 1
-0.576757, -0.0864596, 1
-0.447944, 0.854883, 1
0.119751, -0.317541, 1
0.684832, 0.254104, 0
0.334128, 0.0295691, 1
0.20014, 0.969937, 1
-0.103464, 0.0036283, 1
-0.0435871, -0.501196, 0
-0.328295, 0.255267, 0
0.807849, -0.518665, 0
-0.0528236, -0.0993687, 1
0.406024, -0.0674158, 1
-0.696643, 0.552442, 0
-0.440408, 0.695919, 0
-0.848084, -0.248071, 0
0.685146, -0.350397, 1
-0.450355, -0.0939369, 0
0.369864, -0.37018, 0
0.781997, 0.576638, 1
-0.0733747, 0.166823, 0
-0.33528, -0.307381, 0
0.016539, 0.490968, 1
-0.560132, -0.499507, 1
-0.382835, 0.571506, 0
-0.946826, -0.00417659, 0
0.671339, -0.228343, 0
-0.313259, -0.291852, 0
0.405515, -0.742016, 1
0.0224822, 0.747333, 0
0.0214764, -0.976026, 0
0.0103018, 0.8444, 0
-0.1039, -0.498096, 0
0.741405, 0.61743, 1
0.251525, -0.0681581, 1
-0.151651, 0.293351, 0
0.147314, -0.595878, 0
-0.69419, -0.446639, 0
0.30195, -0.227045, 1
0.617906, 0.256185, 0
-0.986277, -0.158504, 0
-0.148301, 0.861695, 0
-0.441106, -0.842477, 0
0.481328, -0.197266, 0
0.524773, -0.129379, 0
-0.075096, 0.1864, 0
0.0885104, 0.990621, 1
-0.708813, -0.532873, 0
-0.0650332, 0.195907, 0
-0.728114, -0.564518, 0
-0.178571, 0.957746, 1
-0.325289, -0.0370738, 0
-0.66392, 0.0864824, 1
-0.492332, -0.455585, 1
-0.188263, -0.171009, 1
0.418713, 0.765199, 1
-0.275929, 0.544653, 1
0.293094, -0.562796, 0
0.752394, -0.282618, 1
0.929062, -0.240806, 1
0.532132, 0.196535, 0
-0.619837, 0.255439, 1
-0.283537, -0.692528, 1
0.280925, 0.610952, 0
0.0674491, -0.807, 1
-0.20164, 0.362618, 0
-0.259435, 0.0498614, 0
-0.17111, 0.0125431, 1
0.36233, -0.65028, 1
-0.171335, 0.909482, 1
-0.0557659, -0.891302, 0
0.879868, -0.384474, 1
-0.384328, 0.180936, 0
-0.137863, 0.0515925, 1
-0.675233, -0.426505, 0
-0.774758, 0.0813089, 0
-0.625578, -0.69746, 0
-0.0549457, 0.482651, 1
0.209767, -0.693978, 1
0.555774, 0.531259, 0
0.199881, 0.470132, 1
-0.26814, -0.606997, 1
0.0674345, 0.964189, 1
-0.00123795, -0.987113, 0
0.272112, -0.638797, 1
0.798217, -0.425343, 1
-0.584627, 0.642028, 0
-0.633421, 0.0841459, 1
-0.755244, -0.484528, 0
-0.962781, -0.236333, 0
0.777906, 0.0205694, 1
-0.333941, 0.534931, 1
0.752232, 0.420215, 1
0.340949, 0.298916, 1
-0.495003, 0.784478, 1
0.721217, -0.47489, 1
0.857462, 0.11978, 1
-0.187687, -0.478819, 0
0.376902, 0.354455, 1
0.944579, 0.322171, 1
0.308305, 0.270257, 1
-0.520044, 0.829945, 1
0.425801, 0.701793, 0
0.533739, -0.568424, 1
0.303946, -0.916715, 0
-0.481268, -0.612308, 1
-0.763143, -0.118317, 0
-0.193237, 0.915501, 1
-0.413064, 0.28897, 1
-0.230175, 0.735482, 0
0.20931, -0.337528, 1
0.8187, 0.29551, 1
-0.44671, -0.472546, 1
0.082925, 0.342369, 0
0.53757, 0.771519, 1
-0.217519, -0.328602, 0
0.815255, 0.0250398, 1
0.630981, 0.396338, 0
0.675314, -0.693682, 0
0.429694, -0.0988791, 1
-0.182917, 0.118892, 0
-0.358651, 0.721364, 0
0.0591323, 0.159641, 0
-0.795626, -0.419417, 0
-0.323608, 0.189245, 0
-0.275769, -0.068562, 0
-0.782655, -0.140471, 0
-0.682152, -0.20012, 1
-0.0707191, 0.568291, 1
-0.97773, 0.204683, 1
0.723079, -0.684709, 0
0.61368, 0.270302, 0
0.102654, -0.376139, 1
-0.692059, -0.44666, 0
-0.941473, -0.173313, 0
0.600393, -0.631507, 1
0.330025, -0.430737, 0
0.558148, 0.270334, 0
-0.500591, -0.431374, 1
-0.0730815, 0.574187, 1
-0.724873, -0.617302, 0
-0.147566, -0.0333092, 1
-0.303026, 0.354452, 1
0.50643, 0.124019, 0
-0.653933, 0.218766, 1
0.59626, -0.272296, 0
0.299625, 0.907876, 1
0.212628, -0.262187, 1
-0.587959, -0.573684, 0
0.309956, -0.820749, 1
0.70176, 0.289937, 0
-0.262251, -0.632983, 1
-0.333647, -0.723733, 1
0.396801, 0.347447, 1
0.271757, -0.538326, 0
0.235853, -0.730588, 1
-0.542465, -0.153637, 1
0.299807, -0.0289818, 1
0.0885984, -0.744907, 1
-0.0737822, 0.116209, 1
-0.0218852, 0.131631, 1
-0.263322, -0.12639, 0
-0.109098, 0.414411, 1
-0.320999, 0.8662, 1
-0.365514, -0.311992, 0
0.669537, 0.380307, 0
0.181082, -0.139952, 1
-0.389067, 0.501704, 1
0.322548, -0.804225, 1
-0.480358, 0.0653764, 0
0.294448, -0.628591, 1
-0.53265, -0.411686, 1
-0.618977, -0.196961, 1
0.00376258, -0.865955, 1
-0.129094, 0.552776, 1
-0.413574, 0.140943, 0
-0.0902894, -0.61598, 1
0.11918, -0.650709, 1
-0.247814, -0.118876, 1
0.0185022, -0.138552, 1
-0.0885445, 0.148315, 0
0.0531436, 0.699554, 0
0.040657, 0.776217, 0
0.675194, -0.346123, 1
0.906208, -0.418847, 0
-0.413614, -0.44209, 1
0.389994, -0.17522, 1
-0.262804, -0.854443, 0
0.431603, 0.492121, 0
-0.0995438, 0.292741, 0
-0.202493, -0.138342, 1
-0.457788, 0.282205, 1
0.339804, -0.766695, 1
-0.372046, -0.642829, 1
-0.0546882, -0.859244, 1
0.181188, -0.90035, 0
0.189082, -0.773314, 1
-0.743583, -0.336257, 0
-0.447694, -0.852956, 0
0.707587, -0.252773, 1
0.615836, 0.261233, 0
-0.188054, -0.313515, 0
0.500462, 0.153566, 1
-0.199479, 0.00379629, 1
0.245285, -0.426451, 0
-0.224444, -0.505773, 0
0.0330836, 0.841247, 0
-0.369028, -0.358566, 0
0.936559, -0.219235, 1
0.118904, -0.939301, 0
0.367944, -0.111615, 1
-0.0565616, 0.34494, 0
0.775501, -0.195518, 1
-0.0605218, -0.323784, 1
0.463674, -0.531886, 1
0.782272, -0.564132, 0
-0.505467, 0.366699, 1
-0.0568758, -0.0659063, 1
-0.47059, 0.183006, 1
-0.449486, 0.569961, 0
0.98723, -0.0106636, 1
-0.40167, -0.904243, 0
-0.0241989, -0.834817, 1
-0.258659, 0.00859999, 0
0.776692, -0.137658, 1
-0.662309, -0.62633, 0
0.306878, 0.73625, 0
-0.75223, 0.535111, 0
0.0753336, -0.465853, 0
0.252455, 0.932837, 1
0.583885, 0.411919, 0
-0.169154, 0.603258, 1
0.586391, -0.194637, 0
-0.555629, -0.778045, 0
-0.0258614, 0.617149, 1
0.0769205, -0.115632, 0
0.128478, 0.984611, 1
-0.819643, 0.0812059, 0
-0.143672, -0.922967, 0
-0.354597, 0.124099, 0
-0.910661, 0.39372, 1
-0.522659, 0.248556, 1
0.271084, -0.324672, 1
-0.565642, -0.722252, 0
0.590816, 0.590147, 1
-0.533643, -0.64844, 0
-0.884223, -0.360445, 0
-0.0102869, -0.186573, 1
0.367091, 0.367427, 1
0.439988, 0.209258, 1
0.533914, 0.756568, 1
-0.724373, -0.161938, 1
-0.0517695, 0.780444, 0
0.0863185, 0.759495, 0
-0.627966, 0.260308, 1
-0.0752317, -0.307311, 1
0.356979, 0.350738, 1
-0.0503465, -0.128799, 1
0.917646, 0.323802, 1
0.19557, 0.617586, 0
0.561548, 0.642884, 1
0.707264, -0.162688, 0
0.15693, -0.668467, 1
0.91852, -0.209799, 1
0.341381, 0.310894, 1
-0.22859, -0.740945, 1
-0.788137, -0.549611, 0
-0.345226, 0.746376, 0
0.401706, 0.780076, 1
0.404188, -0.417121, 0
-0.358542, 0.576876, 0
-0.272257, 0.174209, 0
0.284665, 0.814087, 1
0.329725, -0.72499, 1
0.257833, -0.637241, 1
-0.750298, 0.214697, 0
0.655626, -0.250392, 0
-0.876145, -0.362455, 0
-0.52646, 0.688407, 0
0.284037, 0.660028, 0
-0.657405, -0.589034, 0
-0.193408, 0.939815, 1
-0.00504404, -0.740971, 1
0.303205, -0.863148, 0
-0.582537, 0.267969, 1
0.435042, -0.211593, 0
-0.0761416, 0.812303, 0
-0.170622, 0.730083, 0
0.535745, -0.241571, 0
0.194787, 0.405224, 1
-0.963275, -0.187627, 0
0.198381, 0.0598215, 0
0.580104, 0.689089, 1
-0.207035, -0.891477, 0
0.422111, 0.477496, 0
0.0836439, 0.829834, 0
0.840899, 0.161642, 1
0.708764, 0.64001, 1
0.46296, 0.422228, 0
0.373588, -0.240377, 1
0.310645, 0.407208, 1
0.79309, -0.27157, 1
-0.103106, -0.964639, 0
-0.635543, 0.571417, 0
0.183763, -0.426398, 0
0.390579, 0.578905, 0
0.218752, -0.432892, 0
-0.262061, 0.48204, 1
-0.246839, -0.496561, 0
-0.527229, -0.401492, 1
-0.503381, 0.497374, 0
-0.302676, -0.163256, 0
-0.636409, -0.565039, 0
0.959174, 0.0178094, 1
0.0185556, 0.803954, 0
0.000606307, 0.665988, 0
-0.0782435, -0.0145519, 1
-0.0215924, 0.04642, 1
0.287155, 0.292244, 1
-0.509744, -0.259307, 1
-0.743432, 0.606297, 1
0.393665, 0.607008, 0
-0.137571, -0.0531427, 1
-0.157956, -0.460936, 0
0.291436, -0.133696, 1
0.324657, -0.39024, 0
0.694203, -0.610346, 1
0.624365, 0.552623, 1
-0.591168, 0.0823997, 1
-0.429285, -0.786449, 0
0.365158, 0.331935, 1
0.515573, 0.510715, 0
0.283563, -0.266498, 1
-0.803434, 0.392189, 0
0.135342, -0.797678, 1
0.45567, 0.812434, 1
-0.238542, 0.282452, 0
0.260406, -0.503435, 0
0.650561, 0.414026, 0
-0.587602, 0.573219, 0
0.0156633, 0.0758584, 1
0.27279, 0.339968, 1
-0.621763, 0.610289, 0
0.811775, 0.127246, 1
0.0457459, 0.651816, 0
-0.333625, -0.692438, 1
-0.64566, 0.745615, 1
0.230834, 0.165328, 0
-0.620487, 0.622988, 0
-0.649746, -0.697778, 0
-0.0477089, 0.172309, 0
0.194038, 0.0520503, 0
0.460602, 0.138468, 1
0.606116, -0.221292, 0
-0.436202, 0.425088, 1
-0.162895, -0.0326445, 1
-0.425198, -0.450049, 1
0.425178, 0.721481, 1
-0.766954, -0.0978366, 0
0.804849, -0.017044, 1
0.774355, 0.325726, 1
-0.531251, 0.0272067, 1
-0.465673, -0.330076, 1
-0.648893, 0.211078, 1
-0.767736, 0.096362, 0
0.337928, -0.372067, 0
0.896474, -0.0819652, 1
0.653517, 0.450607, 0
0.461343, -0.600397, 1
0.443102, -0.391298, 0
-0.0206564, -0.384336, 0
0.62503, -0.733174, 0
0.491539, -0.570829, 1
-0.262339, -0.89627, 0
-0.526795, -0.115734, 1
0.490948, 0.73442, 1
0.317887, 0.254956, 1
0.181399, -0.315621, 1
0.521822, -0.760884, 1
-0.388912, -0.276126, 0
-0.180798, -0.155827, 1
0.330234, 0.496289, 0
0.695703, -0.196871, 0
-0.0211447, -0.710193, 1
0.422263, -0.747276, 1
-0.898841, 0.0730215, 0
-0.118454, 0.529969, 1
0.164835, 0.98176, 1
0.629444, 0.13257, 0
-0.184604, -0.848491, 0
0.404798, 0.909011, 1
0.933978, -0.320545, 0
-0.424024, 0.895535, 1
-0.768096, -0.16794, 0
0.0552947, 0.733645, 0
0.45818, 0.218927, 1
0.64153, 0.471417, 0
-0.517361, -0.428516, 1
-0.0335232, -0.0860903, 0
0.13558, 0.0151597, 0
-0.418397, 0.130935, 0
-0.458296, -0.289724, 0
-0.0669979, 0.897364, 1
-0.0830196, 0.521661, 1
0.104369, 0.845488, 0
0.158982, -0.427765, 0
-0.474578, -0.860453, 0
-0.780679, 0.304539, 0
-0.0391129, -0.995709, 0
-0.946754, -0.289525, 0
-0.615401, 0.24172, 1
-0.482846, -0.645314, 1
0.72621, -0.272357, 1
-0.749534, 0.332398, 0
-0.851321, -0.317449, 0
-0.358193, 0.171617, 0
0.799908, -0.374324, 1
0.984432, 0.117187, 1
-0.651084, -0.35421, 1
-0.146741, 0.0257159, 1
0.860968, 0.315854, 1
0.107658, -0.977746, 0
0.117738, 0.658768, 0
0.491299, 0.722639, 1
-0.313881, -0.107539, 0
-0.440154, 0.772739, 0
-0.214812, 0.00776017, 1
0.110271, 0.508376, 1
0.749146, 0.21639, 1
0.026188, 0.631162, 0
0.637076, -0.493002, 1
0.625647, 0.745699, 1
0.208978, 0.652541, 0
-0.744786, -0.0489702, 1
-0.793901, 0.0328706, 0
-0.00885352, 0.297163, 0
-0.414115, -0.38487, 1
0.259478, -0.625253, 1
0.16765, -0.12953, 1
-0.792403, 0.365744, 0
-0.399435, -0.355883, 0
-0.421562, -0.21432, 0
0.779685, 0.00710776, 1
0.791845, 0.136688, 1
-0.178281, -0.750132, 1
-0.0620615, 0.971508, 1
-0.775298, 0.261399, 0
-0.740294, 0.309085, 0
0.927018, -0.140457, 1
-0.205633, 0.602283, 1
0.964187, 0.0739467, 1
-0.0646859, 0.395882, 1
-0.778969, 0.401159, 0
0.360274, 0.0619293, 1
-0.343547, 0.164169, 0
0.242143, 0.57754, 0
-0.212995, 0.959964, 1
0.196945, 0.562993, 1
0.520021, -0.402866, 0
-0.658151, 0.576212, 0
0.466337, 0.610956, 0
-0.895038, -0.0598603, 0
-0.260307, -0.700144, 1
-0.409726, 0.634951, 0
0.406177, -0.449733, 0
0.634747, 0.669606, 1
-0.711136, -0.048389, 1
0.359547, 0.401752, 1
-0.496612, 0.797179, 1
0.181385, -0.0629717, 0
0.299434, -0.36091, 0
0.322253, 0.90838, 1
0.786476, 0.381018, 1
0.354135, -0.0670971, 1
-0.202584, 0.8682, 0
-0.016722, 0.584194, 1
0.780122, -0.586581, 0
-0.340558, 0.0795656, 0
-0.357216, -0.919979, 0
-0.11676, 0.0447202, 1
0.488632, -0.618414, 1
-0.0952573, -0.459413, 0
0.243389, 0.438701, 1
-0.30553, 0.45657, 1
0.844532, 0.116902, 1
0.522807, -0.811108, 0
0.39261, 0.527144, 0
0.938178, -0.248416, 1
-0.414515, 0.0596961, 0
0.688906, -0.685806, 0
0.439221, -0.33011, 0
0.634499, -0.610319, 1
-0.0510037, 0.697786, 0
-0.347465, -0.744775, 1
0.669858, 0.609819, 1
-0.237766, 0.76142, 0
-0.651425, 0.203494, 1
0.663877, -0.653337, 1
0.0993983, 0.779153, 0
-0.291969, 0.0736332, 0
-0.56283, -0.303845, 1
0.447322, -0.0783015, 1
0.849634, -0.248073, 1
0.666778, 0.296178, 0
-0.132371, 0.74562, 0
0.319391, 0.142596, 1
0.603512, 0.156069, 0
0.634444, 0.428569, 0
-0.64311, 0.668092, 0
-0.497418, 0.483551, 0
-0.619427, 0.669864, 0
0.0480844, -0.762836, 1
0.0448676, 0.507248, 1
-0.31099, 0.205967, 0
0.220615, 0.0539561, 0
0.449517, 0.412906, 0
-0.416954, 0.123094, 0
0.415259, 0.500033, 0
-0.701769, -0.0240551, 1
-0.385246, 0.0848835, 0
-0.805708, -0.170532, 0
0.663611, 0.117069, 0
0.481734, 0.0504788, 1
0.240783, 0.912549, 1
-0.736996, 0.0409771, 1
-0.159259, -0.871311, 0
-0.581602, -0.403044, 1
0.137188, 0.279286, 0
0.107505, 0.58631, 1
0.808837, 0.106778, 1
-0.789473, -0.553152, 0
0.0191818, 0.177401, 0
-0.326074, -0.735062, 1
0.57, -0.157903, 0
0.859198, -0.221399, 1
0.195321, 0.20239, 0
-0.469487, -0.756807, 0
0.0108274, 0.354651, 0
-0.0334979, -0.814234, 1
0.407299, 0.735337, 1
0.445126, -0.149614, 1
-0.552431, -0.440962, 1
-0.167468, 0.891049, 1
0.662104, 0.342254, 0
0.0152985, -0.302343, 1
-0.685838, 0.308315, 0
0.0207081, 0.765368, 0
0.514965, 0.261776, 0
-0.159391, -0.379928, 0
0.164227, 0.924002, 1
0.407488, 0.410618, 0
0.3685, -0.63241, 1
0.725369, 0.234271, 0
0.184787, -0.0519281, 0
-0.208286, -0.951625, 0
0.543446, 0.391704, 0
0.825831, -0.321255, 1
-0.754976, 0.392503, 0
0.913051, 0.388103, 1
0.314674, 0.305933, 1
0.521696, -0.757877, 1
-0.953304, 0.0564802, 0
0.76769, -0.561917, 0
0.685568, 0.579677, 1
0.905994, 0.257927, 1
0.735093, 0.222512, 0
-0.109508, 0.490851, 1
-0.0996647, -0.0542506, 1
0.0571247, -0.0645192, 0
0.477265, -0.197884, 0
0.559821, 0.0282306, 0
0.459966, 0.0730583, 1
-0.119163, -0.652082, 1
-0.750718, -0.554775, 0
0.339221, 0.401426, 1
-0.286875, -0.922862, 0
0.723301, -0.249637, 1
0.094933, -0.290509, 1
0.304116, -0.363144, 0
0.0391445, -0.672856, 1
-0.712789, -0.534589, 0
0.52045, 0.034512, 0
-0.575329, 0.490821, 0
0.688294, 0.353056, 0
0.789455, -0.00294205, 1
0.0454137, 0.888285, 1
-0.638404, -0.422019, 1
-0.68915, -0.612333, 0
-0.179844, 0.541047, 1
0.219475, 0.395215, 1
-0.162787, 0.300085, 0
0.616649, 0.688072, 1
-0.120951, -0.749185, 1
-0.321723, 0.550621, 1
-0.707976, -0.681296, 0
-0.539216, 0.199006, 1
-0.55071, 0.367896, 1
0.29236, 0.838879, 1
-0.60387, -0.295846, 1
-0.283173, 0.357921, 1
0.795447, 0.153215, 1
0.388957, 0.769283, 1
-0.116213, 0.526343, 1
-0.131419, -0.28185, 1
0.229642, -0.00581885, 0
0.622653, 0.29616, 0
-0.581475, 0.468703, 0
-0.559526, -0.0690418, 1
0.582033, -0.173213, 0
0.52543, -0.12454, 0
-0.0665464, -0.0259272, 1
0.524174, 0.585077, 0
0.575153, -0.643151, 1
-0.550286, 0.247777, 1
-0.738093, 0.394379, 0
0.524572, 0.109661, 0
-0.650936, 0.679144, 1
0.400427, 0.165931, 1
-0.219017, 0.761461, 0
0.711856, 0.117566, 0
-0.3809, -0.606449, 1
0.261972, -0.0745632, 1
-0.308554, -0.235732, 0
-0.498324, 0.643467, 0
0.358203, -0.910796, 0
0.531057, 0.812425, 1
0.400795, 0.478172, 0
0.283779, 0.649143, 0
-0.376711, 0.7684, 0
-0.17965, 0.320036, 0
-0.182461, 0.338458, 0
0.0679145, 0.423247, 1
-0.555858, -0.354619, 1
0.462861, 0.74818, 1
0.701069, -0.147267, 0
-0.703466, -0.302804, 1
0.754654, -0.485376, 1
-0.185927, -0.952306, 0
-0.341419, 0.529576, 1
-0.931064, -0.0264495, 0
0.367705, -0.795842, 1
0.038335, -0.797237, 1
0.614101, 0.273751, 0
0.207586, 0.380469, 1
-0.352314, 0.243802, 0
0.32147, -0.203956, 1
-0.831479, -0.313988, 0
0.89497, 0.124077, 1
-0.788838, 0.162401, 0
0.155948, 0.596802, 0
-0.691494, -0.530505, 0
0.660831, -0.728615, 0
-0.553213, 0.12748, 1
-0.634833, 0.265603, 1
-0.756558, -0.404435, 0
0.32867, 0.271669, 1
-0.164759, -0.527676, 0
-0.916861, 0.195594, 0
0.947862, 0.297493, 1
-0.0884872, 0.500886, 1
-0.243329, -0.246709, 0
0.61627, 0.601093, 1
-0.267961, 0.549074, 1
-0.230977, -0.183964, 1
0.644585, 0.185019, 0
-0.795093, -0.0663495, 0
-0.208823, 0.708053, 0
-0.976797, -0.19043, 0
-0.0306995, -0.836686, 1
-0.412217, 0.475796, 1
0.876328, 0.190774, 1
-0.19634, -0.88566, 0
-0.0312541, 0.69183, 0
-0.715429, -0.527112, 0
-0.254798, 0.304685, 0
0.619012, 0.708393, 1
0.256237, -0.827087, 1
0.322778, 0.361775, 1
-0.188452, 0.349009, 0
-0.570982, -0.286168, 1
0.557812, 0.810648, 1
0.434567, 0.341175, 1
0.285729, -0.864879, 0
-0.412379, -0.421665, 1
-0.373092, -0.648136, 1
-0.192975, -0.417053, 0
-0.464304, -0.141757, 0
0.120171, 0.673096, 0
0.488896, 0.451981, 0
-0.391365, -0.568051, 1
-0.39583, 0.478841, 1
0.00443137, -0.750153, 1
-0.868827, 0.471036, 1
-0.508461, -0.813851, 0
0.778066, 0.0158623, 1
-0.295592, 0.872613, 1
0.260361, 0.456603, 1
-0.292363, -0.606176, 1
0.135345, 0.221755, 0
-0.336921, -0.584964, 1
0.665414, 0.0507581, 0
0.281606, -0.0189764, 1
0.654806, 0.591443, 1
0.311556, -0.738811, 1
0.44829, 0.258942, 1
-0.140178, -0.881783, 0
0.858744, -0.191738, 1
0.576302, -0.409784, 1
0.232294, -0.0390528, 0
-0.2883, -0.267018, 0
-0.148369, 0.0607835, 1
0.405606, 0.741673, 1
0.591211, 0.511324, 0
0.189068, -0.819354, 1
0.442415, 0.160463, 1
-0.944207, 0.202307, 0
-0.217183, 0.40441, 1
-0.0697325, 0.68494, 0
-0.249267, -0.695245, 1
0.465508, -0.263584, 0
-0.318597, 0.92152, 1
0.540294, -0.416021, 0
0.288173, -0.873553, 0
0.66417, -0.61478, 1
-0.570087, -0.517877, 1
0.84634, -0.0850287, 1
0.637008, -0.391904, 1
0.574244, -0.276849, 0
-0.70601, -0.257224, 1
0.020519, 0.350001, 0
0.395706, -0.314815, 0
-0.463983, -0.79947, 0
-0.844885, -0.0825735, 0
-0.600369, -0.220438, 1
0.0461942, 0.982427, 1
-0.707559, 0.580815, 0
0.13069, 0.179855, 0
-0.856432, -0.49816, 0
0.0713637, 0.531841, 1
0.481326, -0.81374, 0
-0.273854, -0.591354, 1
0.198503, -0.682946, 1
0.603063, 0.0142565, 0
0.332274, 0.567697, 0
-0.469507, -0.874386, 0
-0.189238, 0.0529036, 1
-0.0599263, -0.970602, 0
-0.0977593, 0.311307, 0
-0.760038, 0.105119, 0
0.631772, 0.0734861, 0
0.23972, -0.532647, 0
-0.0106673, 0.410168, 1
0.233639, -0.491237, 0
0.350013, 0.460885, 0
-0.501239, -0.398843, 1
0.34039, 0.243499, 1
-0.577234, 0.312942, 1
-0.405315, 0.637806, 0
-0.150733, -0.397507, 0
0.786614, -0.119167, 1
0.0233391, 0.71443, 0
-0.049073, -0.794549, 1
-0.824979, 0.170669, 0
0.230819, 0.142525, 0
0.110331, -0.815523, 1
0.471877, 0.652907, 0
-0.970769, -0.125875, 0
0.690462, 0.0948393, 0
-0.321245, -0.795683, 0
0.0573354, 0.65462, 0
0.81531, -0.0544697, 1
0.469568, -0.793324, 0
-0.0280295, -0.398221, 0
-0.201491, -0.136944, 1
0.627475, -0.267192, 0
0.610937, -0.48769, 1
0.168083, 0.0470314, 0
-0.601975, -0.177672, 1
0.593391, -0.24223, 0
0.309961, -0.162392, 1
0.242444, 0.365214, 1
-0.130029, -0.133724, 1
-0.0646566, 0.530315, 1
0.0011565, 0.507063, 1
-0.014554, -0.753782, 1
-0.306606, -0.21335, 0
0.741294, -0.355214, 1
-0.0251229, 0.823913, 0
0.0598746, 0.355394, 0
0.285268, 0.493423, 1
-0.818461, 0.438678, 0
0.738798, 0.321959, 1
0.307415, 0.200959, 1
-0.888042, 0.165077, 0
-0.0218115, 0.854727, 0
-0.34904, 0.0104917, 0
0.517295, -0.272436, 0
0.0241928, -0.107747, 0
-0.801356, -0.197654, 0
-0.416117, -0.658975, 1
-0.613985, -0.737621, 0
0.373942, -0.331036, 0
-0.337714, 0.104458, 0
-0.944833, -0.0766986, 0
-0.143222, -0.532676, 0
-0.0520682, 0.877212, 0
0.121917, -0.956899, 0
0.22758, 0.473798, 1
0.630017, -0.585487, 1
-0.156111, 0.328255, 0
0.140014, -0.365785, 1
-0.494957, 0.815888, 1
0.106002, -0.304431, 1
-0.576137, 0.774049, 1
0.830451, 0.222818, 1
-0.106505, -0.615433, 1
-0.854925, 0.169751, 0
-0.0629202, -0.741422, 1
-0.395713, 0.228137, 0
-0.620628, -0.742162, 0
-0.560408, -0.121895, 1
-0.584996, -0.38945, 1
0.63055, 0.203528, 0
0.831863, -0.238139, 1
0.3717, -0.170556, 1
0.266229, -0.909202, 0
-0.283829, 0.390272, 1
-0.870879, -0.337359, 0
0.723647, 0.298117, 1
0.208803, 0.779757, 0
-0.126006, 0.97321, 1
-0.544767, -0.786364, 0
-0.400601, 0.606143, 0
0.595735, -0.354799, 0
-0.254277, -0.495564, 0
-0.110076, 0.167567, 0
-0.0717622, 0.386411, 1
-0.53284, -0.130641, 1
-0.886924, -0.0417372, 0
0.176549, -0.0532584, 0
0.30723, -0.684159, 1
-0.365637, 0.586636, 0
0.465003, 0.854432, 1
-0.330035, -0.549228, 1
-0.270762, 0.414767, 1
0.59607, -0.00732516, 0
-0.25833, -0.242796, 0
0.928521, 0.00367209, 1
0.470019, -0.619154, 1
0.51429, 0.60816, 0
0.425427, 0.0839714, 1
-0.988987, -0.0119872, 0
-0.522203, -0.690793, 0
-0.396066, 0.562681, 0
0.615017, -0.112521, 0
-0.196293, -0.548463, 0
-0.487131, 0.393863, 1
0.340958, -0.802403, 1
-0.513088, -0.394056, 1
-0.847048, 0.518847, 1
-0.659294, -0.661583, 0
-0.53239, 0.688814, 0
-0.08809, 0.623378, 1
-0.0764409, -0.461678, 0
-0.873358, -0.432996, 0
0.154694, 0.169842, 0
-0.838501, -0.221254, 0
-0.283945, -0.304757, 0
0.175372, -0.962265, 0
0.140002, -0.782469, 1
0.550332, -0.00304397, 0
-0.784691, -0.126272, 0
0.149444, -0.6108, 0
-0.452151, 0.64273, 0
0.197337, -0.707975, 1
-0.629092, -0.686742, 0
-0.791934, -0.575504, 0
0.225726, 0.0489959, 0
0.389963, -0.7884, 1
0.617332, 0.373335, 0
-0.519032, 0.333154, 1
-0.535176, 0.284859, 1
0.809439, -0.136836, 1
-0.303255, 0.234244, 0
0.665089, -0.181549, 0
0.475526, 0.375913, 0
-0.358999, -0.0332172, 0
-0.0878645, 0.403643, 1
-0.719759, -0.53791, 0
0.958282, -0.0870999, 1
0.763391, -0.301394, 1
0.369766, -0.640264, 1
0.336824, 0.383304, 1
0.538182, -0.113969, 0
-0.553614, 0.632212, 0
0.166302, 0.118172, 0
-0.721601, 0.477, 0
0.895329, -0.157795, 1
-0.201429, -0.937788, 0
0.743634, 0.192773, 0
0.958074, -0.24202, 0
0.507983, 0.29324, 0
-0.679908, -0.120152, 1
0.326242, 0.754864, 0
0.375248, -0.413713, 0
0.524209, 0.34452, 0
-0.735091, -0.180618, 1
-0.799956, -0.438977, 0
0.405147, -0.310586, 0
0.160906, 0.544935, 1
-0.179799, 0.563702, 1
0.690655, 0.321748, 0
0.22393, 0.0455097, 0
0.0799759, -0.346088, 1
0.244583, -0.0637823, 1
