0.488623, 0.678396, 1
0.474489, -0.0564242, 1
-0.231358, 0.922343, 1
0.387759, -0.078472, 1
-0.269901, -0.730444, 1
-0.0134573, 0.885077, 1
-0.0562512, -0.180603, 1
0.931436, 0.234006, 1
0.147485, 0.583159, 1
-0.627012, -0.465576, 1
0.368746, -0.657534, 1
0.791705, -0.056244, 1
-0.528922, 0.204608, 1
0.278391, 0.290047, 1
0.754087, -0.45931, 1
0.632754, -0.70562, 0
-0.760424, -0.149756, 0
0.561441, 0.448635, 0
0.147858, -0.815071, 1
0.617849, -0.0616731, 0
-0.546024, 0.512823, 0
-0.720252, 0.199031, 0
0.664923, 0.474307, 1
-0.528766, -0.00563857, 1
-0.491003, -0.0479552, 0
-0.252764, -0.296422, 0
0.849416, -0.151275, 1
0.95949, 0.173357, 1
0.437031, 0.397076, 0
0.720079, 0.495418, 1
-0.0119475, -0.515296, 0
0.0306185, -0.116279, 0
0.284055, -0.583446, 0
-0.614029, -0.126448, 1
-0.224978, 0.610264, 1
0.816363, -0.393908, 1
-0.864281, 0.207412, 0
0.848196, 0.315518, 1
0.294605, 0.414151, 1
-0.378565, -0.469498, 1
-0.126896, 0.936553, 1
0.10423, 0.102036, 0
-0.575597, -0.590314, 0
0.363672, -0.470289, 0
-0.729151, -0.546423, 0
0.84318, -0.144568, 1
-0.57034, 0.211171, 1
-0.650927, 0.073374, 1
0.248135, 0.218439, 1
-0.678955, 0.153691, 1
0.360699, -0.0913516, 1
0.0751576, -0.798672, 1
-0.576409, -0.682729, 0
0.393055, 0.795841, 1
0.862374, -0.0712537, 1
0.0300494, 0.499255, 1
-0.0677774, 0.662518, 0
0.261962, 0.45272, 1
0.138431, 0.073216, 0
-0.681955, 0.636742, 0
-0.587905, 0.507407, 0
0.000213874, 0.120306, 1
-0.01917, 0.610312, 1
0.774257, -0.175524, 1
0.339243, 0.459386, 1
-0.106654, -0.55283, 0
-0.983141, -0.00025763, 0
-0.901944, 0.192481, 0
0.246567, -0.606158, 0
-0.820503, -0.251983, 0
-0.887331, 0.0977349, 0
0.861855, 0.499851, 1
-0.251131, 0.28093, 0
0.356125, -0.283021, 0
-0.571138, -0.671686, 0
-0.442665, -0.419821, 1
-0.541308, 0.764104, 1
0.751775, 0.244027, 1
0.129532, 0.788428, 0
0.771921, -0.485701, 1
0.399216, -0.770537, 1
0.475581, -0.650625, 1
0.10994, 0.161949, 0
-0.0895921, 0.258338, 0
0.816357, -0.289958, 1
-0.400388, -0.574094, 1
-0.880134, 0.408683, 1
0.32347, 0.233531, 1
-0.340126, -0.00885094, 0
-0.441743, -0.265536, 0
-0.778715, 0.370837, 0
-0.372966, 0.764381, 0
-0.367941, -0.525524, 1
-0.140091, -0.610483, 1
0.15146, -0.366844, 1
0.417332, -0.0492372, 1
-0.735613, -0.520594, 0
-0.161292, 0.233026, 0
0.620985, 0.408648, 0
-0.595033, 0.318942, 1
-0.357694, 0.763854, 0
-0.402365, 0.331279, 1
-0.916385, 0.379468, 1
-0.437843, -0.216306, 0
-0.356526, -0.845643, 0
0.787594, -0.29254, 1
0.802086, 0.517058, 1
0.509494, 0.0297482, 0
-0.605655, -0.435622, 1
-0.675892, 0.422963, 0
-0.382892, -0.150194, 0
0.347542, -0.630015, 1
-0.16962, -0.874628, 0
-0.433404, -0.670078, 1
0.0903027, 0.837924, 0
0.200965, 0.0875877, 0
-0.0954045, 0.630487, 0
-0.141549, -0.423067, 0
-0.250126, 0.817462, 0
-0.276853, 0.950772, 1
0.00124004, -0.180845, 1
-0.300084, -0.860588, 0
-0.253385, 0.623292, 0
0.57428, -0.796061, 0
0.491692, -0.0089911, 1
0.0698485, -0.192126, 1
-0.181534, 0.0594239, 1
0.181987, -0.222598, 1
-0.903565, -0.363214, 0
-0.38737, -0.186548, 0
-0.747655, 0.315927, 0
-0.16007, 0.221941, 0
0.760533, 0.624017, 1
0.463259, -0.319428, 0
0.508086, -0.065111, 0
-0.203479, 0.937563, 1
-0.0887184, -0.485832, 0
0.585756, -0.0695179, 0
-0.749374, 0.214616, 0
0.533974, 0.81864, 1
0.229754, -0.846301, 1
0.24855, 0.552453, 0
-0.943175, 0.145407, 0
-0.61164, -0.0432691, 1
-0.95261, -0.0718687, 0
0.307391, -0.516721, 0
-0.5882, -0.188835, 1
0.424235, 0.782777, 1
0.798718, -0.0598696, 1
0.238388, 0.0495696, 0
-0.193621, -0.0511911, 1
0.56699, -0.227669, 0
0.145658, -0.593601, 0
0.260677, 0.657538, 0
0.249249, -0.571731, 0
0.0922248, -0.645525, 1
-0.140322, 0.502295, 1
0.194669, -0.248564, 1
-0.622312, 0.459715, 0
-0.375404, -0.097808, 0
-0.439701, 0.51033, 1
0.317515, 0.809883, 1
-0.570826, 0.451197, 0
0.0610327, -0.961811, 0
0.804523, 0.58759, 1
0.298534, 0.280542, 1
-0.00856688, 0.752049, 0
0.218123, 0.490317, 1
-0.835878, -0.319743, 0
-0.0871507, -0.618569, 1
0.583565, 0.400059, 0
-0.398828, -0.186044, 0
0.354601, -0.362478, 0
-0.464265, -0.180837, 0
0.0269497, 0.293368, 0
0.754244, -0.193855, 1
0.75556, 0.300402, 1
0.681565, -0.0143914, 0
-0.790426, 0.37788, 0
0.348432, -0.900647, 0
-0.043454, -0.743315, 1
0.97706, -0.095803, 1
0.617742, 0.0291476, 0
-0.380758, -0.151487, 0
-0.132151, -0.457891, 0
0.408448, -0.857403, 0
-0.38932, -0.400955, 0
-0.52445, -0.591575, 1
0.680874, 0.0934627, 0
-0.188929, 0.770235, 0
0.539074, 0.0908158, 0
-0.595133, -0.491229, 1
0.0537524, 0.475588, 1
-0.392413, -0.585206, 1
0.497161, 0.0847099, 1
0.835005, -0.28222, 1
-0.742433, -0.225348, 0
-0.753148, 0.521868, 0
-0.254987, -0.517802, 0
-0.513839, 0.734358, 0
-0.577424, -0.418333, 1
-0.00527468, 0.0480326, 1
-0.101696, 0.389737, 1
-0.324846, 0.535938, 1
-0.937499, 0.332462, 1
0.651823, 0.0787379, 0
0.563555, 0.251309, 0
0.796467, -0.318236, 1
0.18744, 0.605401, 0
-0.477104, -0.149498, 0
-0.155448, -0.567427, 0
-0.588394, 0.600928, 0
0.236308, -0.12075, 1
-0.933742, 0.0445651, 0
-0.095624, -0.910826, 0
-0.753363, -0.1729, 0
0.0651701, 0.317685, 0
-0.479219, -0.817446, 0
-0.123218, -0.576288, 0
-0.0849531, 0.086437, 1
0.706527, -0.373097, 1
-0.57463, 0.030457, 1
0.318347, 0.66069, 0
0.374533, 0.901088, 1
-0.154437, -0.422303, 0
0.00785997, -0.00769815, 0
-0.484472, 0.261127, 1
0.0493631, 0.220269, 0
-0.420573, 0.690492, 0
-0.193517, 0.313772, 0
-0.475733, -0.45212, 1
0.514541, -0.234896, 0
-0.43176, 0.363184, 1
-0.828024, -0.127131, 0
-0.763063, 0.39112, 0
-0.761023, -0.111317, 0
-0.945666, 0.243788, 0
0.294343, 0.373716, 1
0.550929, -0.825586, 0
0.740927, 0.380929, 1
0.145999, -0.743262, 1
0.133535, -0.593746, 0
0.731967, -0.159608, 1
-0.103335, -0.436452, 0
0.932435, 0.194387, 1
0.156175, 0.525957, 1
0.756111, 0.204493, 1
0.234638, -0.794892, 1
0.697402, -0.550124, 1
0.395504, 0.822585, 1
-0.119892, 0.745001, 0
-0.45743, 0.155887, 1
0.306861, 0.254054, 1
0.225904, 0.313915, 1
0.200862, 0.679323, 0
0.538518, -0.347134, 0
-0.368543, -0.296874, 0
-0.480706, -0.730468, 0
-0.883257, -0.160108, 0
0.855247, -0.0155471, 1
0.508859, -0.575849, 1
-0.595592, -0.0199884, 1
-0.0154012, -0.0802398, 0
-0.245909, -0.0127398, 1
-0.777705, -0.0666758, 0
-0.153747, 0.134959, 0
-0.520157, 0.135855, 1
0.850315, 0.487288, 1
0.772792, -0.227353, 1
0.0520097, 0.889402, 1
0.650412, -0.511741, 1
0.0181007, -0.918114, 0
-0.310314, -0.869076, 0
0.0982632, -0.88724, 0
0.593723, -0.232508, 0
0.105735, 0.70631, 0
0.485727, -0.512575, 1
0.464306, -0.666037, 1
-0.947239, 0.0413076, 0
-0.310703, -0.612555, 1
0.182535, 0.251007, 0
0.683024, -0.179812, 0
-0.333743, 0.567926, 1
-0.0756617, -0.393695, 0
0.0233942, -0.745146, 1
0.217749, 0.0567898, 0
0.947432, -0.0626164, 1
0.842691, 0.434096, 1
0.509291, -0.318764, 0
-0.592826, -0.281244, 1
-0.8315, -0.190511, 0
-0.23868, -0.393151, 0
0.973011, 0.0342491, 1
0.145212, -0.0147452, 0
-0.00460328, -0.760885, 1
-0.804313, -0.0644668, 0
0.053521, -0.722663, 1
0.0757402, -0.41, 0
-0.174884, -0.36525, 0
0.611371, 0.574962, 1
-0.341017, -0.150872, 0
0.297813, -0.0472974, 1
0.843922, -0.0501373, 1
-0.326521, 0.611421, 0
0.417511, -0.817618, 0
0.0620629, -0.566091, 0
-0.147567, -0.832743, 1
0.138918, 0.982343, 1
0.200867, 0.603804, 0
-0.312534, -0.0168546, 0
0.407263, -0.90651, 0
0.531877, -0.5523, 1
0.445608, -0.64538, 1
0.931502, 0.326922, 1
-0.809653, -0.570547, 0
-0.0888949, -0.683711, 1
0.303715, 0.409843, 1
0.0576639, -0.711884, 1
0.53556, -0.445452, 1
-0.162731, -0.68873, 1
0.16574, 0.157073, 0
0.705316, 0.490225, 1
-0.902254, -0.0930205, 0
-0.313998, 0.0482752, 0
-0.614877, -0.377992, 1
0.0720533, 0.473372, 1
0.319529, 0.393474, 1
-0.912113, -0.199126, 0
0.267945, 0.0293809, 1
0.010653, 0.349603, 0
0.33962, -0.594867, 1
-0.186525, -0.776919, 1
-0.362213, 0.38264, 1
0.181576, -0.596471, 0
-0.535805, 0.611428, 0
-0.509972, 0.350521, 1
-0.510228, -0.116714, 1
-0.0488323, 0.642682, 0
0.0920157, 0.972781, 1
0.423261, -0.42344, 0
-0.715493, 0.676098, 1
-0.175765, -0.488827, 0
0.0446232, 0.677909, 0
-0.662848, -0.67504, 0
0.0547901, 0.879171, 1
-0.371806, 0.236491, 0
0.536971, 0.382818, 0
0.538105, -0.832065, 0
0.315264, -0.191596, 1
0.986108, -0.0958013, 1
0.254928, 0.255378, 1
0.251609, 0.23887, 1
0.537816, 0.134364, 0
-0.906148, -0.235446, 0
-0.847341, -0.433523, 0
-0.171448, -0.283311, 1
-0.0620729, -0.479228, 0
-0.364396, -0.460117, 1
0.164508, 0.907438, 1
-0.213379, 0.0198865, 1
-0.435108, -0.886358, 0
-0.205618, 0.272771, 0
-0.831935, -0.114669, 0
0.965004, -0.0163554, 1
0.922136, 0.0636012, 1
0.0442854, -0.0530415, 0
0.757772, 0.489232, 1
-0.353284, -0.19395, 0
-0.089726, -0.791505, 1
0.156575, 0.664146, 0
0.292401, 0.586836, 0
-0.606602, 0.130539, 1
0.887889, 0.0673862, 1
0.2656, -0.324018, 1
0.331732, 0.632625, 0
-0.261938, -0.701482, 1
-0.770085, 0.233472, 0
0.562118, 0.523757, 0
-0.129614, -0.355138, 0
0.0709961, 0.0338346, 0
0.0179049, -0.216407, 1
-0.858345, 0.438246, 1
0.847487, 0.476594, 1
0.490172, -0.161741, 0
-0.854538, 0.230307, 0
0.889611, -0.00368308, 1
-0.713607, 0.405145, 0
-0.902696, -0.147188, 0
-0.431289, -0.403748, 1
-0.777814, 0.0863238, 0
0.199902, 0.0749789, 0
-0.866451, 0.334834, 0
0.945807, -0.286193, 0
-0.8233, -0.101475, 0
-0.111911, 0.105376, 1
-0.79676, -0.44665, 0
0.67636, -0.14842, 0
0.895382, -0.115733, 1
-0.406126, 0.0325417, 0
-0.0874956, 0.811803, 0
-0.378798, 0.427172, 1
-0.0750767, 0.75872, 0
0.396725, 0.138968, 1
-0.052015, 0.0678315, 1
-0.17204, 0.638144, 0
0.209569, 0.387738, 1
0.570212, 0.373779, 0
-0.284937, 0.428867, 1
-0.578235, -0.401914, 1
0.57841, 0.459243, 0
0.29814, 0.113746, 1
0.237363, -0.30688, 1
0.900889, -0.0440888, 1
-0.864953, -0.269168, 0
0.302898, -0.921616, 0
-0.719608, 0.516072, 0
-0.0417359, 0.295386, 0
0.0307568, 0.213007, 0
0.717591, -0.634313, 0
0.161044, -0.267798, 1
-0.470097, 0.69663, 0
0.538882, -0.732693, 1
0.622456, -0.678227, 1
0.123272, 0.189772, 0
-0.0652388, 0.0268396, 1
-0.346883, -0.887222, 0
0.156783, 0.129053, 0
-0.331288, -0.248738, 0
0.776433, 0.0635957, 1
-0.111976, 0.0619143, 1
-0.272819, -0.487398, 0
-0.445264, -0.16662, 0
0.157981, 0.533786, 1
0.219841, 0.859541, 1
-0.323334, -0.159188, 0
0.014804, 0.719046, 0
0.0310324, -0.050211, 0
-0.440815, -0.789083, 0
-0.330045, 0.210732, 0
-0.466079, 0.559608, 0
0.637914, -0.492456, 1
-0.328018, 0.911258, 1
0.982148, 0.176049, 1
0.0126022, -0.998237, 0
0.303569, -0.124385, 1
-0.643852, 0.167977, 1
0.387393, 0.311496, 1
0.642594, 0.064305, 0
-0.0229849, -0.282373, 1
-0.228165, -0.0592205, 1
-0.127989, 0.476297, 1
0.08421, -0.118503, 0
-0.596594, -0.39957, 1
-0.902746, 0.253418, 0
-0.0422057, 0.842199, 0
0.150643, 0.966793, 1
-0.402542, -0.383854, 0
0.0695889, 0.163557, 0
0.750914, 0.283744, 1
-0.684617, -0.163234, 1
0.460738, -0.000456274, 1
-0.744937, 0.368497, 0
-0.96535, -0.0609154, 0
0.589745, -0.577674, 1
0.130528, -0.529282, 0
0.138102, 0.501572, 1
-0.34106, -0.465216, 1
-0.776548, -0.334254, 0
-0.0412718, 0.862357, 0
-0.311655, -0.451063, 0
0.80854, 0.512131, 1
0.102964, -0.760936, 1
-0.00871227, 0.735879, 0
-0.749295, 0.0266513, 0
-0.350694, -0.449428, 0
0.505342, 0.231841, 0
-0.207148, -0.669602, 1
0.356639, -0.837455, 0
0.458473, 0.607677, 0
-0.710224, 0.115835, 1
-0.559781, -0.74909, 0
-0.264131, -0.929946, 0
0.806157, 0.41163, 1
0.907345, 0.365718, 1
-0.480549, -0.71192, 0
-0.695419, -0.128954, 1
-0.246277, -0.41129, 0
0.686058, 0.468033, 1
0.328411, -0.248023, 1
-0.5787, 0.0229347, 1
-0.544839, -0.529463, 1
-0.934281, 0.0290928, 0
-0.270103, 0.40206, 1
-0.483262, 0.629088, 0
0.704041, -0.322653, 1
0.32016, -0.781533, 1
0.287332, -0.896698, 0
0.240845, -0.245165, 1
0.293003, 0.487208, 1
-0.354228, 0.172589, 0
0.489637, 0.244183, 0
-0.816263, 0.555081, 1
-0.478111, 0.83506, 1
0.249267, 0.706753, 0
-0.916522, -0.276591, 0
0.465443, -0.729628, 1
0.0543016, 0.507434, 1
-0.839169, -0.103194, 0
-0.283938, 0.820886, 0
0.192045, -0.425946, 0
0.299689, -0.914024, 0
0.44099, -0.697689, 1
-0.126167, -0.731058, 1
-0.0339178, -0.0860916, 0
0.000910499, 0.358431, 0
0.000615587, -0.315002, 1
0.676951, -0.144139, 0
0.155677, -0.864228, 1
-0.383733, 0.363688, 1
-0.160403, -0.878592, 0
-0.309094, -0.695986, 1
0.09237, 0.713896, 0
0.843552, -0.231124, 1
0.232653, -0.174819, 1
0.905448, -0.268933, 1
-0.249575, 0.238531, 0
0.158323, 0.514083, 1
0.843767, -0.0479137, 1
-0.235052, 0.71172, 0
-0.0200946, 0.387254, 1
0.273912, 0.442994, 1
-0.190415, 0.399033, 1
0.571994, 0.414328, 0
0.72551, 0.235053, 0
-0.309541, -0.213328, 0
-0.369886, -0.16878, 0
-0.489451, -0.474299, 1
-0.67803, -0.64267, 0
0.0271475, -0.067389, 0
-0.248909, -0.879152, 0
-0.110485, -0.277572, 1
0.483999, 0.503943, 0
0.65343, -0.0469668, 0
-0.373077, 0.105883, 0
-0.803484, 0.584288, 1
0.470921, -0.862908, 0
0.429276, 0.798585, 1
0.438969, 0.570494, 0
0.780896, -0.546573, 0
0.65395, 0.0555353, 0
-0.319635, -0.0379868, 0
-0.83216, -0.239288, 0
-0.446766, -0.644873, 1
0.49402, 0.855587, 1
-0.314489, 0.719675, 0
-0.120753, -0.432337, 0
0.674322, 0.494293, 1
0.896819, 0.184111, 1
0.673313, 0.125131, 0
-0.283681, 0.594205, 1
0.0346152, -0.0793343, 0
0.347631, -0.729723, 1
0.425509, -0.236688, 0
-0.686779, -0.0201732, 1
-0.73388, 0.609339, 1
0.66208, -0.575089, 1
-0.916792, 0.297645, 0
-0.713453, -0.410453, 0
-0.228662, 0.705364, 0
-0.0411362, 0.335231, 0
-0.0868233, -0.00884755, 1
0.248875, 0.447831, 1
-0.362407, -0.657175, 1
-0.767258, -0.0836911, 0
-0.318933, -0.460087, 0
-0.305697, -0.262081, 0
0.649434, 0.402385, 0
0.397552, 0.53767, 0
0.442927, -0.63136, 1
-0.675819, -0.404853, 1
-0.947315, 0.244266, 0
0.344057, 0.808811, 1
-0.125511, -0.132331, 1
-0.361113, 0.235411, 0
0.500278, 0.107418, 1
0.473669, -0.1712, 0
-0.408117, 0.662943, 0
-0.00821006, -0.272093, 1
0.38078, -0.242695, 1
0.696947, -0.0752085, 0
0.026574, 0.168565, 0
0.797851, 0.0676774, 1
-0.0639237, -0.741474, 1
0.306357, -0.364517, 0
0.52455, 0.594706, 0
-0.760116, 0.330923, 0
-0.183654, 0.344957, 0
-0.438767, 0.50087, 1
0.38241, -0.000955268, 1
0.0498065, 0.881765, 1
0.516899, -0.267514, 0
-0.512812, -0.0273243, 1
-0.243278, -0.694349, 1
0.543425, 0.350694, 0
0.967945, -0.129826, 1
-0.756838, 0.10566, 0
-0.180152, 0.653562, 0
0.133368, -0.701283, 1
-0.420851, 0.235144, 1
0.174843, -0.645838, 1
-0.167138, 0.503974, 1
-0.415284, 0.843809, 1
0.267137, 0.38327, 1
0.138168, 0.447796, 1
0.1648, 0.935475, 1
-0.109528, 0.805153, 0
-0.615455, -0.767061, 0
0.246712, 0.466047, 1
-0.342485, -0.141925, 0
0.584759, -0.229934, 0
-0.071841, -0.114733, 1
0.294842, -0.83444, 1
0.715881, 0.187129, 0
-0.199806, -0.965043, 0
0.649003, -0.298243, 0
0.456662, 0.456015, 0
0.223088, 0.234015, 1
-0.399767, -0.8796, 0
0.547638, -0.0137273, 0
0.710136, -0.240179, 1
-0.0342545, 0.550616, 1
-0.601801, 0.0463908, 1
-0.154658, 0.105614, 1
-0.2144, 0.34892, 0
-0.949763, 0.141417, 0
-0.788639, -0.505757, 0
0.501518, -0.0709497, 0
0.241408, 0.105757, 0
-0.339559, -0.303404, 0
0.408344, -0.590091, 1
-0.104829, 0.0967817, 1
-0.0432956, -0.439795, 0
0.479875, 0.389528, 0
0.656047, -0.0602854, 0
0.776868, 0.200545, 1
0.845287, 0.425513, 1
0.543596, -0.396467, 0
0.47996, 0.0810463, 1
-0.601498, -0.232043, 1
-0.685072, -0.359735, 1
0.543203, -0.197818, 0
0.362072, -0.881518, 0
-0.588338, -0.715695, 0
0.0534482, 0.313449, 0
0.417709, -0.807159, 1
0.0823425, -0.423408, 0
0.504835, -0.312269, 0
0.204849, 0.795314, 0
-0.318781, 0.489951, 1
-0.242067, 0.293324, 0
-0.0295469, -0.787825, 1
0.553364, -0.597133, 1
0.614858, -0.482628, 1
-0.525101, -0.827124, 0
-0.484672, 0.0885885, 1
0.0435203, -0.185343, 1
-0.33825, -0.916108, 0
-0.291464, -0.674119, 1
0.617207, 0.127234, 0
-0.343051, 0.72268, 0
0.561458, -0.336101, 0
0.481736, -0.0726544, 1
0.929723, 0.0618129, 1
-0.175524, 0.407873, 1
-0.702541, -0.494675, 0
-0.0458076, 0.281348, 0
-0.0716989, -0.502819, 0
0.9664, 0.0170351, 1
0.4125, 0.497055, 0
0.306198, 0.584144, 0
-0.869712, -0.276842, 0
-0.233284, 0.316067, 0
0.47232, -0.254618, 0
0.121822, 0.614463, 0
-0.939241, 0.100813, 0
-0.424219, -0.704869, 1
-0.28556, 0.162562, 0
0.797506, -0.421167, 1
-0.0978312, 0.752887, 0
0.632909, -0.340311, 1
0.132808, 0.00903475, 0
0.784616, 0.421446, 1
0.563674, 0.51755, 0
0.0582909, -0.837481, 1
0.394317, -0.42969, 0
0.543207, 0.31568, 0
0.213845, -0.132473, 1
0.668294, -0.286859, 1
0.193338, -0.537711, 0
-0.120192, -0.889794, 0
-0.736125, 0.117996, 0
0.0201817, -0.777065, 1
0.30716, -0.501909, 0
0.675754, -0.54547, 1
-0.871047, -0.38084, 0
-0.431426, 0.177322, 0
0.566678, -0.414415, 1
0.629897, 0.129121, 0
-0.131912, -0.635248, 1
-0.498654, -0.474119, 1
-0.128948, 0.0622793, 1
-0.598565, 0.156663, 1
-0.0408948, 0.779284, 0
0.310463, -0.94993, 0
0.248165, -0.333529, 1
0.883543, 0.299699, 1
-0.12598, -0.626101, 1
-0.0676601, -0.28044, 1
0.190314, -0.975671, 0
-0.238524, 0.539569, 1
0.9718, 0.0260006, 1
0.275304, 0.640523, 0
0.124486, -0.771843, 1
0.130204, -0.476462, 0
0.774058, -0.0362577, 1
0.212615, 0.019002, 0
0.0703961, -0.919427, 0
-0.442489, -0.252573, 0
0.03556, -0.791317, 1
0.935609, -0.325544, 0
-0.769929, 0.22668, 0
0.434856, 0.667888, 0
-0.593309, -0.610044, 0
0.0700356, -0.654008, 1
0.606125, -0.0615406, 0
0.375602, 0.614099, 0
0.366618, 0.663133, 0
-0.252947, -0.683739, 1
-0.32186, -0.297291, 0
0.123283, 0.96529, 1
0.213294, -0.34408, 1
-0.68987, 0.163254, 1
0.814616, 0.53991, 1
-0.339019, 0.81294, 0
0.255794, 0.486932, 1
0.40176, -0.811077, 1
0.655032, 0.0700715, 0
0.298297, -0.324963, 0
-0.0384282, -0.627955, 1
-0.0855138, 0.677044, 0
0.229923, 0.731858, 0
0.360825, -0.712703, 1
0.680713, -0.195603, 0
-0.261563, 0.776716, 0
-0.15562, 0.204158, 0
-0.576498, 0.0582732, 1
0.643454, 0.306402, 0
0.208397, 0.523374, 1
0.0203695, -0.0996685, 0
0.568602, -0.174506, 0
-0.138283, 0.608357, 1
0.864317, -0.274474, 1
-0.238075, -0.644757, 1
0.466263, -0.239104, 0
0.283295, 0.775409, 0
-0.474403, -0.581682, 1
-0.381109, -0.421562, 1
-0.275308, 0.456035, 1
0.290404, 0.389186, 1
0.0510316, 0.123722, 0
0.987498, -0.0299931, 1
0.527427, 0.689349, 1
-0.0640663, -0.418613, 0
-0.43201, 0.491621, 1
-0.11846, -0.741184, 1
-0.557309, 0.390641, 1
-0.232244, -0.651716, 1
0.518435, -0.387759, 0
-0.0867167, 0.485336, 1
-0.53099, -0.590667, 1
0.538062, 0.169241, 0
0.0852166, 0.584799, 1
0.144051, 0.282652, 0
0.296966, 0.204628, 1
0.0270648, 0.459296, 1
0.34076, -0.354498, 0
-0.00137231, 0.983215, 1
-0.41728, 0.35126, 1
-0.858955, 0.252096, 0
0.504837, 0.0819909, 1
0.64859, -0.709478, 0
-0.481959, -0.210001, 0
0.247472, 0.770377, 0
0.178825, -0.784426, 1
0.191637, 0.527808, 1
-0.688253, 0.474928, 0
0.221061, 0.278315, 1
-0.00429549, 0.211908, 0
0.599478, -0.724546, 0
-0.0515086, 0.998094, 1
0.923635, -0.228121, 1
0.589227, -0.778156, 0
-0.764112, -0.0584413, 0
-0.0602056, 0.435152, 1
0.29131, -0.129363, 1
-0.255129, -0.72553, 1
-0.158176, -0.941093, 0
-0.742528, 0.0433831, 1
-0.66445, 0.169918, 1
0.0290268, 0.703191, 0
0.247572, 0.465025, 1
-0.295586, 0.104275, 0
-0.062158, 0.60417, 1
0.212195, -0.903404, 0
0.525786, -0.276793, 0
0.0569961, 0.0741478, 0
-0.403403, 0.321142, 1
-0.237857, -0.512436, 0
-0.234524, -0.339534, 0
-0.584691, 0.0117631, 1
-0.638783, 0.61438, 0
0.332647, 0.24416, 1
-0.1358, 0.0436313, 1
-0.360418, 0.913746, 1
-0.293276, 0.93802, 1
0.258899, 0.0828576, 0
0.277048, 0.0195704, 1
-0.239983, 0.589542, 1
-0.620991, 0.219142, 1
-0.205827, -0.933685, 0
0.90863, -0.232857, 1
-0.12776, 0.239798, 0
-0.54458, -0.462583, 1
0.24524, -0.501647, 0
0.22094, -0.813927, 1
0.0251097, 0.455192, 1
-0.144339, 0.244119, 0
0.445823, -0.535659, 1
-0.102214, -0.577455, 0
0.408493, -0.239724, 0
0.946258, -0.277045, 0
0.0604345, -0.776157, 1
-0.636512, -0.687551, 0
-0.269815, -0.677551, 1
-0.901565, 0.151049, 0
-0.80661, -0.485414, 0
-0.100679, 0.898457, 1
-0.00501678, 0.547954, 1
-0.0658114, -0.32672, 1
0.690522, 0.327924, 0
-0.28587, 0.281212, 0
-0.529235, 0.754457, 0
-0.45223, 0.558622, 0
-0.638103, -0.301012, 1
-0.745387, 0.622718, 1
-0.573643, 0.139755, 1
-0.509038, 0.790806, 1
0.272564, -0.158004, 1
-0.762032, 0.522835, 0
0.722132, -0.256631, 1
-0.798308, -0.362719, 0
-0.651446, -0.736954, 0
0.304501, 0.218311, 1
0.0465308, 0.363104, 1
-0.0911365, -0.94945, 0
0.0592426, 0.723535, 0
0.295196, -0.862349, 0
-0.168915, 0.912137, 1
0.551522, 0.567975, 0
0.196498, 0.0449829, 0
-0.60811, -0.455714, 1
-0.447768, 0.203157, 1
-0.247747, 0.030982, 0
0.514594, 0.74307, 1
-0.0947459, 0.409656, 1
0.74066, -0.227632, 1
-0.339268, -0.615879, 1
-0.075432, -0.979437, 0
-0.46905, 0.316142, 1
0.363658, -0.27479, 0
0.49798, 0.397777, 0
0.012993, 0.970462, 1
-0.232894, -0.77339, 1
0.133202, -0.262605, 1
0.669059, 0.103458, 0
-0.46645, -0.378167, 1
0.498072, 0.348993, 0
0.692595, 0.42843, 1
0.16175, -0.975009, 0
0.545361, -0.623187, 1
-0.676215, -0.0294673, 1
0.545765, -0.63798, 1
0.548359, 0.342222, 0
0.404851, 0.184253, 1
0.162758, 0.681404, 0
0.393733, -0.101389, 1
-0.225687, -0.737945, 1
0.581669, 0.527641, 0
-0.41998, -0.43587, 1
-0.807183, 0.110848, 0
-0.313854, 0.37423, 1
-0.09249, 0.652288, 0
-0.277519, -0.185324, 0
0.0907876, -0.286605, 1
-0.626018, 0.119928, 1
0.397298, -0.802626, 1
-0.454521, 0.488082, 1
-0.615702, -0.715442, 0
0.211364, 0.729725, 0
0.016443, 0.217044, 0
0.142901, -0.586489, 0
0.280025, 0.0872095, 1
0.848582, -0.175492, 1
0.633157, 0.75049, 1
0.489348, 0.0162867, 1
-0.747295, 0.607114, 1
-0.246278, -0.316865, 0
-0.468467, -0.532786, 1
-0.394841, -0.48646, 1
-0.0883029, 0.812419, 0
0.598595, 0.141505, 0
0.351519, 0.595672, 0
0.0158287, 0.243883, 0
-0.227399, -0.325639, 0
0.22752, -0.906538, 0
0.837858, -0.00354215, 1
-0.434582, 0.329091, 1
0.0553393, -0.0189254, 0
-0.0262438, -0.947654, 0
-0.251058, -0.123401, 1
-0.397164, -0.269478, 0
-0.0977332, 0.363279, 0
-0.488893, -0.0604187, 0
0.0861243, 0.982979, 1
-0.580647, 0.742792, 1
-0.74726, -0.0125422, 1
0.20907, 0.248417, 1
0.130608, -0.254707, 1
-0.113914, 0.875459, 0
0.160614, 0.24763, 0
-0.829011, 0.122087, 0
0.0175871, -0.62699, 1
-0.20945, -0.0703446, 1
-0.740707, 0.344512, 0
-0.194238, 0.551926, 1
0.152782, -0.655755, 1
-0.0540752, -0.215026, 1
0.612218, -0.413635, 1
0.447022, -0.383889, 0
-0.877986, 0.161809, 0
0.000936306, -0.630277, 1
-0.0251752, -0.236827, 1
0.108984, -0.184738, 1
0.379818, -0.198026, 1
-0.219501, 0.63881, 0
-0.143243, 0.250567, 0
0.491207, 0.68144, 1
0.91465, -0.218286, 1
-0.0094093, -0.297107, 1
0.67585, -0.627476, 1
-0.58161, -0.631665, 0
-0.387788, -0.120433, 0
0.392022, 0.636044, 0
0.267419, 0.136068, 1
-0.222701, -0.155397, 1
0.766557, 0.325433, 1
-0.765995, -0.316846, 0
0.540496, 0.599346, 0
-0.0286378, -0.682958, 1
0.277256, -0.377495, 0
-0.271326, 0.743903, 0
0.374914, 0.354685, 1
0.906683, -0.228647, 1
0.945553, 0.0197799, 1
-0.365114, 0.101615, 0
-0.221584, 0.646204, 0
-0.88589, -0.452648, 0
0.226681, 0.143802, 0
0.0331516, -0.00823057, 0
0.937717, 0.155351, 1
-0.612254, -0.0436284, 1
-0.886795, -0.353079, 0
0.765727, -0.282171, 1
0.225972, -0.687673, 1
0.249493, 0.401953, 1
0.161267, 0.115296, 0
-0.249033, -0.429206, 0
-0.0210505, 0.256474, 0
-0.80555, 0.459113, 0
-0.833766, -0.543098, 0
-0.508414, -0.233235, 1
-0.506902, 0.496152, 0
0.293264, 0.0529355, 1
0.230517, 0.0684402, 0
-0.804196, 0.0513833, 0
-0.427968, 0.645829, 0
-0.863011, 0.38673, 0
0.497856, 0.414718, 0
-0.759133, -0.0208436, 0
-0.311755, 0.158422, 0
-0.863754, -0.326311, 0
0.127269, -0.764137, 1
0.301334, -0.559049, 0
-0.645302, 0.104972, 1
-0.135347, 0.510573, 1
-0.19341, -0.16712, 1
-0.115273, 0.524034, 1
-0.949753, 0.261856, 1
-0.511869, -0.366815, 1
-0.207597, -0.920052, 0
0.140296, 0.655066, 0
-0.11421, 0.00739368, 1
-0.5629, 0.465797, 0
0.617781, -0.0206625, 0
0.751202, 0.0912039, 0
-0.555162, 0.805717, 1
0.603824, 0.0912396, 0
0.445744, 0.450066, 0
0.336797, 0.28618, 1
0.186071, -0.437358, 0
0.570204, -0.0195581, 0
-0.435781, -0.352074, 1
-0.0921624, -0.228313, 1
-0.0313198, 0.841658, 0
0.219134, 0.466762, 1
-0.3646, 0.26531, 1
0.911692, 0.353135, 1
0.0882814, 0.0102631, 0
-0.646928, -0.0594909, 1
0.242329, 0.0558608, 0
-0.94053, -0.297484, 0
0.38714, -0.687564, 1
-0.0655931, 0.962359, 1
-0.803497, -0.490495, 0
0.212689, 0.665783, 0
-0.609343, -0.556222, 0
-0.483816, -0.55987, 1
0.924866, 0.352411, 1
0.727374, -0.67894, 0
-0.360864, 0.920107, 1
0.177557, 0.642237, 0
0.0897415, 0.207033, 0
-0.720302, 0.278441, 0
0.662363, -0.118429, 0
0.175527, -0.179316, 1
0.119255, 0.954941, 1
-0.222985, -0.922745, 0
0.597005, 0.134997, 0
-0.0400666, -0.311638, 1
-0.0833745, 0.716348, 0
0.15834, -0.212479, 1
-0.58123, -0.56496, 1
-0.129747, -0.225995, 1
-0.457523, -0.833266, 0
0.191301, -0.910437, 0
0.102875, -0.381539, 1
0.767052, 0.0130234, 1
0.874041, 0.473914, 1
-0.16058, -0.939729, 0
0.167181, 0.958758, 1
-0.339209, 0.462584, 1
0.449428, -0.368291, 0
0.458072, 0.852549, 1
0.359579, 0.283279, 1
0.00896058, 0.445131, 1
0.352833, -0.265384, 1
-0.611201, 0.425754, 0
0.870777, -0.071704, 1
-0.195374, 0.875455, 1
0.604459, 0.511308, 0
0.293508, -0.34239, 0
0.105311, 0.0554042, 0
0.273746, -0.308644, 1
0.0885026, -0.876393, 1
-0.88279, -0.337873, 0
0.107241, 0.0396981, 0
0.536183, 0.816443, 1
0.114203, 0.974138, 1
-0.351483, -0.885684, 0
-0.0867379, 0.210603, 0
0.163483, -0.561965, 0
0.208657, 0.772162, 0
-0.053218, 0.423674, 1
-0.470016, -0.661229, 1
0.89007, -0.340795, 1
-0.876612, -0.283163, 0
-0.499635, 0.810708, 1
0.00349386, 0.299274, 0
-0.712116, -0.60451, 0
-0.140753, -0.724768, 1
-0.0281846, -0.318686, 1
0.0873573, -0.433472, 0
-0.0506656, 0.566466, 1
-0.470274, -0.645631, 1
0.74709, 0.641487, 1
0.2192, -0.32747, 1
0.143799, 0.0706079, 0
0.779966, -0.0583188, 1
0.0512709, 0.860614, 0
0.237122, 0.192213, 1
-0.724475, -0.343482, 0
-0.402253, -0.294141, 0
-0.17047, 0.588677, 1
-0.177212, 0.188461, 0
0.51363, 0.594391, 0
0.0620493, -0.732517, 1
0.356065, -0.575689, 1
-0.758898, -0.22422, 0
0.202433, 0.799487, 0
0.267786, -0.941236, 0
0.721662, -0.545364, 1
0.337612, 0.588994, 0
0.108346, -0.482803, 0
-0.383787, -0.00804481, 0
0.318056, 0.603663, 0
-0.56697, 0.0260764, 1
-0.273855, 0.387156, 1
0.344357, -0.330693, 0
0.0598109, 0.865686, 0
-0.254556, 0.728938, 0
0.099971, -0.543374, 0
0.460134, -0.0153029, 1
0.0136238, 0.930257, 1
0.248024, -0.43747, 0
0.20431, -0.966517, 0
0.166126, -0.639148, 1
0.939703, 0.1982, 1
0.770384, -0.210441, 1
0.17478, 0.0849632, 0
-0.519998, -0.761768, 0
0.382565, 0.348487, 1
-0.32518, 0.119585, 0
0.352486, -0.0313878, 1
0.713182, -0.366394, 1
0.985841, -0.162295, 0
-0.605156, -0.448092, 1
0.336105, 0.127197, 1
-0.726506, 0.683346, 1
0.804015, 0.457984, 1
-0.572765, 0.137795, 1
0.872241, -0.327632, 1
-0.623032, 0.084487, 1
0.565238, -0.77479, 0
0.467805, -0.0498448, 1
0.545394, -0.299029, 0
-0.832271, 0.552149, 1
-0.11251, 0.553194, 1
0.196392, 0.551745, 1
0.55981, 0.782852, 1
0.616493, 0.164218, 0
0.639993, -0.250406, 0
0.0964434, 0.231313, 0
0.692678, 0.209471, 0
-0.83988, -0.173096, 0
0.659503, -0.399167, 1
0.501411, -0.544145, 1
0.742811, 0.0835885, 0
-0.675436, 0.415657, 0
0.772159, -0.0018781, 1
0.378991, -0.882611, 0
0.23459, 0.181822, 0
0.310811, -0.91779, 0
0.257176, 0.450767, 1
-0.274601, 0.817779, 0
0.751328, -0.0681548, 1
0.176135, 0.920224, 1
-0.727033, 0.367249, 0
-0.547825, -0.10614, 1
-0.745088, -0.618801, 0
0.40529, -0.449009, 0
-0.493573, -0.257155, 1
0.411478, 0.468545, 0
-0.841655, -0.328, 0
0.109281, -0.255018, 1
-0.851051, 0.0465994, 0
0.295829, 0.280147, 1
0.640887, -0.349146, 1
-0.422915, -0.494426, 1
-0.180009, 0.836671, 0
-0.324469, -0.0498606, 0
0.462433, 0.585328, 0
-0.194083, 0.276605, 0
0.727158, 0.252251, 0
-0.464664, 0.168889, 1
-0.481626, 0.570224, 0
0.0527644, 0.429896, 1
0.0021339, -0.565097, 0
-0.619853, -0.312967, 1
-0.134113, 0.264552, 0
0.548991, -0.154614, 0
0.26361, -0.720096, 1
-0.693823, -0.126109, 1
0.00651064, 0.951272, 1
0.337883, -0.248589, 1
-0.834456, -0.521055, 0
0.0111853, -0.171112, 1
-0.868713, -0.0180626, 0
-0.434899, -0.787128, 0
0.113584, 0.935144, 1
0.415587, 0.0363175, 1
0.331903, -0.895022, 0
-0.392532, -0.338162, 0
0.697062, -0.0233744, 0
-0.986524, -0.161704, 0
-0.121655, 0.594541, 1
0.1606, -0.531757, 0
-0.419452, 0.669115, 0
-0.220244, -0.156338, 1
-0.389488, 0.882911, 1
-0.645161, 0.378419, 0
-0.0716688, 0.0162535, 1
-0.530202, 0.643029, 0
-0.874232, -0.134106, 0
0.0662134, -0.228796, 1
0.279902, 0.155896, 1
-0.680575, -0.273681, 1
0.308188, -0.17821, 1
-0.0465109, -0.996557, 0
0.11238, 0.380722, 1
0.288969, 0.943431, 1
0.409002, 0.0757887, 1
-0.127324, -0.499958, 0
-0.288839, 0.763928, 0
-0.478149, -0.726679, 0
-0.626502, 0.132921, 1
0.272757, 0.833972, 1
-0.754608, 0.0896733, 0
0.552564, -0.4027, 0
-0.250185, -0.793469, 1
-0.7365, 0.0190699, 1
0.257524, 0.606461, 0
0.27071, -0.920862, 0
0.67577, -0.358238, 1
0.127026, -0.463269, 0
0.119154, 0.124384, 0
-0.0726545, 0.870467, 0
0.138092, -0.155657, 1
-0.575436, -0.468739, 1
0.15279, 0.473137, 1
-0.781799, -0.292596, 0
0.711604, -0.340349, 1
0.0801445, -0.0851967, 0
0.324358, -0.319958, 0
0.391919, -0.0706522, 1
-0.248346, -0.00951714, 1
-0.00876077, -0.514531, 0
-0.457572, -0.0336801, 0
0.57433, 0.601508, 1
-0.841154, 0.235338, 0
0.591945, -0.122585, 0
0.240829, 0.402438, 1
0.317628, 0.462347, 1
0.331754, -0.501527, 0
0.709023, -0.0274302, 0
-0.401777, 0.879406, 1
0.443333, -0.847804, 0
-0.0197866, -0.813736, 1
0.817633, 0.221295, 1
-0.286283, -0.909884, 0
-0.416873, 0.259797, 1
-0.696693, -0.226722, 1
0.59397, 0.68354, 1
0.0149118, -0.604592, 0
-0.0487922, -0.297952, 1
-0.703452, -0.502693, 0
0.222322, 0.89448, 1
-0.637166, 0.621794, 0
-0.250772, 0.525984, 1
0.234063, 0.0654303, 0
-0.281814, -0.568746, 1
0.15233, 0.375395, 1
0.118333, -0.120968, 0
0.352799, -0.0880535, 1
-0.234574, 0.636539, 0
-0.595069, 0.721395, 1
0.674679, 0.524264, 1
0.17993, -0.859076, 1
0.670846, 0.461232, 1
0.105385, -0.982606, 0
0.630712, -0.592816, 1
-0.444688, 0.46997, 1
-0.190244, -0.0347021, 1
-0.00249015, -0.511599, 0
-0.417027, -0.683067, 1
0.491506, -0.520652, 1
-0.393097, -0.0740758, 0
0.250257, 0.823649, 1
-0.121928, -0.697136, 1
0.092356, -0.650497, 1
-0.486653, 0.626815, 0
0.485251, 0.31509, 0
-0.230501, -0.258766, 0
0.345234, 0.00733733, 1
0.027317, -0.130501, 0
-0.533994, -0.419712, 1
0.106338, 0.56736, 1
-0.250642, -0.451834, 0
-0.232629, 0.233704, 0
-0.300566, 0.244474, 0
0.64656, 0.540709, 1
-0.324851, 0.826492, 0
-0.774321, 0.320337, 0
0.528755, -0.105762, 0
0.230051, 0.299657, 1
-0.0763947, 0.12035, 1
0.985295, -0.0275892, 1
-0.351098, 0.625839, 0
-0.517392, 0.847296, 1
-0.565083, -0.0470496, 1
0.152843, -0.499453, 0
0.254201, -0.942825, 0
0.723549, -0.192712, 1
0.33643, -0.333676, 0
0.825103, -0.0109624, 1
0.305681, -0.47832, 0
-0.111443, 0.77136, 0
0.163217, -0.346645, 1
-0.852316, -0.315308, 0
0.337399, -0.107873, 1
0.365453, 0.484659, 0
-0.259442, -0.642876, 1
-0.390748, -0.439407, 1
0.12536, 0.00135743, 0
0.185238, 0.453975, 1
-0.902687, -0.169955, 0
-0.18888, 0.442242, 1
0.756214, 0.402725, 1
-0.407408, -0.169579, 0
-0.613223, 0.547368, 0
-0.404485, 0.263592, 1
-0.354978, -0.00489351, 0
0.946284, 0.314199, 1
0.218273, 0.619093, 0
-0.330578, -0.687763, 1
-0.752358, 0.317065, 0
-0.0583134, -0.582914, 0
-0.779595, 0.104079, 0
0.4794, 0.729035, 1
-0.5848, 0.05121, 1
0.488494, -0.244415, 0
0.0757091, -0.757934, 1
-0.460584, -0.81915, 0
-0.553738, 0.761902, 1
0.0886949, -0.37824, 1
0.24567, 0.470842, 1
0.295076, 0.648806, 0
0.712481, -0.335372, 1
-0.313321, 0.71804, 0
0.110012, -0.00387486, 0
0.176716, -0.249208, 1
0.129688, 0.314183, 0
0.332667, 0.779033, 1
0.606749, 0.666831, 1
0.220915, -0.372733, 0
-0.517614, -0.279365, 1
-0.643634, -0.684424, 0
0.109848, 0.877093, 1
0.366685, 0.254235, 1
-0.160794, -0.691923, 1
0.800187, -0.158562, 1
-0.448462, 0.600704, 0
0.198657, 0.526084, 1
-0.387732, -0.391191, 0
0.0927932, -0.944697, 0
0.38582, -0.764056, 1
0.573238, -0.376208, 0
0.607234, -0.0650032, 0
0.718539, -0.654576, 0
0.0700183, 0.695903, 0
-0.779802, -0.296606, 0
0.687906, 0.612629, 1
0.0397688, -0.171745, 1
0.700777, 0.317466, 0
0.0272107, 0.217894, 0
0.366636, 0.521997, 0
-0.186569, 0.0320716, 1
0.868334, -0.367648, 1
-0.808522, -0.266336, 0
-0.179919, 0.0239426, 1
0.594724, -0.0243119, 0
-0.00178429, -0.731166, 1
-0.166628, -0.102436, 1
0.402987, 0.480444, 0
-0.556, 0.478369, 0
-0.58946, 0.601544, 0
0.245611, -0.156191, 1
0.0848629, -0.432597, 0
0.043839, -0.132508, 0
-0.842233, 0.337592, 0
-0.304088, -0.155693, 0
-0.751068, 0.14012, 0
-0.458025, 0.0427414, 0
-0.60805, 0.384678, 0
-0.0417281, -0.350593, 1
-0.140839, 0.662612, 0
0.0876066, -0.838855, 1
-0.349642, 0.268797, 0
-0.450375, -0.630957, 1
0.81678, 0.102348, 1
-0.372388, -0.387289, 0
0.761918, -0.367412, 1
-0.184289, 0.85287, 0
0.0311493, -0.988208, 0
-0.533401, 0.195192, 1
-0.598784, 0.795634, 1
-0.344844, -0.374318, 0
0.454721, 0.872192, 1
-0.530366, 0.065418, 1
0.0511625, 0.519266, 1
-0.47507, 0.588462, 0
0.697489, 0.292522, 0
0.828844, 0.328269, 1
0.449857, 0.878271, 1
0.842652, -0.1453, 1
-0.00530437, -0.955292, 0
0.40864, 0.0123162, 1
0.53652, -0.135978, 0
-0.269401, 0.599851, 1
-0.476165, -0.475246, 1
-0.110689, -0.2853, 1
0.337959, -0.741494, 1
0.168212, -0.927173, 0
-0.048304, -0.453739, 0
0.73082, -0.35818, 1
0.225592, 0.857405, 1
-0.516668, -0.0389038, 1
-0.234791, 0.17652, 0
0.290791, -0.599105, 1
0.0389722, 0.242268, 0
-0.112806, -0.754488, 1
0.798194, -0.247664, 1
0.426984, -0.588031, 1
-0.38797, -0.845026, 0
-0.0398163, -0.727745, 1
-0.109165, -0.123089, 1
-0.383486, 0.884905, 1
0.685166, -0.317646, 1
0.257791, -0.0653753, 1
0.376077, -0.00198561, 1
0.567943, 0.786151, 1
-0.49913, 0.420172, 1
-0.922103, 0.321929, 1
0.563347, -0.666594, 1
-0.164499, -0.784587, 1
0.13003, 0.104976, 0
-0.0734011, -0.647018, 1
0.98703, 0.105545, 1
0.0888335, -0.377369, 1
0.105608, 0.838499, 0
0.177345, 0.820342, 0
0.710203, 0.490249, 1
0.910642, -0.175813, 1
-0.815965, -0.391454, 0
0.212291, -0.116185, 1
0.0149857, -0.851193, 1
-0.658876, 0.0246329, 1
-0.761527, -0.3239, 0
0.0387582, 0.466403, 1
-0.472602, -0.682515, 0
0.700044, -0.440472, 1
0.862039, 0.0595297, 1
-0.605824, -0.706847, 0
0.00898152, -0.269224, 1
0.663902, -0.291345, 1
-0.50614, -0.463902, 1
-0.0464292, -0.483553, 0
0.179352, 0.344159, 1
0.665497, -0.264081, 0
0.404466, 0.178759, 1
-0.51828, -0.222403, 1
0.47843, 0.761789, 1
0.188785, 0.556175, 1
0.725821, 0.144252, 0
-0.353356, 0.919061, 1
-0.176525, -0.364418, 0
0.36355, 0.110224, 1
0.75033, -0.0408357, 1
0.436734, -0.197288, 0
-0.652669, 0.191897, 1
0.157044, -0.597856, 0
-0.226304, 0.730027, 0
-0.23221, 0.779098, 0
0.744307, 0.436276, 1
0.819396, -0.27703, 1
0.848387, 0.188509, 1
0.657794, 0.61894, 1
0.14111, -0.793967, 1
0.241854, 0.0565428, 0
0.259164, -0.278012, 1
0.646137, -0.341168, 1
0.324488, 0.61392, 0
0.20722, 0.84779, 1
0.527574, 0.437419, 0
-0.249396, 0.100968, 0
0.231547, 0.3913, 1
0.68439, 0.410532, 1
-0.742813, 0.00105924, 1
-0.134287, -0.564085, 0
-0.110454, -0.424989, 0
-0.324633, -0.337095, 0
0.678506, -0.0974285, 0
0.154549, -0.832117, 1
0.182093, -0.926789, 0
0.372, 0.44401, 0
0.653335, -0.116811, 0
-0.280358, 0.576478, 1
-0.597643, 0.620484, 0
-0.0859628, 0.174331, 0
-0.162346, 0.453531, 1
0.724007, -0.0620181, 0
-0.19527, -0.704337, 1
0.359315, -0.185581, 1
0.394919, -0.603347, 1
-0.181714, -0.676382, 1
0.0854931, 0.388362, 1
-0.474758, 0.188686, 1
-0.3523, -0.873508, 0
-0.590177, -0.31151, 1
0.733034, -0.40147, 1
0.746255, 0.0633937, 0
0.692089, 0.317612, 0
0.491955, 0.30367, 0
-0.278469, 0.115411, 0
0.835765, 0.279596, 1
-0.664105, -0.105565, 1
-0.585554, -0.447812, 1
-0.22665, -0.59394, 1
-0.56985, 0.164317, 1
-0.248928, 0.698662, 0
0.927802, 0.306104, 1
-0.729488, 0.14321, 0
-0.199716, -0.451389, 0
0.917204, -0.193686, 1
-0.545343, 0.248877, 1
-0.450651, -0.480143, 1
-0.844485, 0.145209, 0
0.624862, 0.778909, 1
-0.166616, 0.795633, 0
-0.70891, -0.310883, 1
0.462157, 0.876408, 1
0.0286219, -0.446044, 0
0.496222, 0.306619, 0
0.770914, 0.557599, 1
-0.18637, 0.561448, 1
0.616404, 0.343662, 0
-0.0619239, 0.470824, 1
-0.76998, -0.460495, 0
0.295015, -0.721461, 1
0.0079287, 0.999086, 1
0.715591, -0.61946, 0
-0.176681, 0.666731, 0
-0.661854, 0.208694, 1
-0.751157, 0.345567, 0
-0.762099, 0.0574468, 0
0.523314, -0.836142, 0
0.508509, -0.401703, 0
0.345778, 0.251599, 1
0.839667, 0.211334, 1
0.403185, -0.800246, 1
0.812877, 0.441213, 1
0.581473, -0.35746, 0
-0.847285, 0.510247, 1
-0.846338, -0.311855, 0
-0.107289, -0.584316, 0
-0.171012, -0.617615, 1
-0.845469, 0.307905, 0
0.842373, 0.241125, 1
0.919729, -0.0371306, 1
0.402076, -0.594448, 1
-0.236393, -0.60264, 1
0.588123, -0.604018, 1
-0.433307, 0.403306, 1
-0.306512, 0.377282, 1
-0.47116, -0.864204, 0
0.60551, -0.496603, 1
-0.902348, 0.346119, 0
0.653333, -0.416346, 1
-0.0202335, 0.45038, 1
0.436916, 0.345702, 0
0.795086, -0.514998, 1
-0.549109, 0.612503, 0
0.178987, -0.406268, 0
0.612545, -0.321454, 0
0.360647, 0.543624, 0
-0.620558, -0.771159, 0
0.701935, 0.172495, 0
-0.227481, 0.304411, 0
-0.266338, -0.564633, 1
-0.135314, 0.197463, 0
-0.963902, -0.165945, 0
-0.263909, -0.878561, 0
-0.372683, -0.753363, 0
-0.972232, 0.0387825, 0
-0.126845, 0.439386, 1
0.452085, -0.165711, 0
0.358814, 0.201208, 1
0.0131295, -0.5808, 0
0.682823, 0.176758, 0
0.217309, -0.36024, 0
-0.262706, 0.225108, 0
-0.657377, -0.679553, 0
0.539197, -0.819549, 0
0.23815, -0.75222, 1
0.405376, -0.473961, 0
-0.502324, 0.658245, 0
-0.185632, 0.981147, 1
-0.492929, 0.697973, 0
-0.453417, 0.280925, 1
0.250742, 0.00418732, 0
0.611346, 0.633329, 1
-0.854414, 0.117532, 0
0.348929, 0.366546, 1
-0.929126, -0.00649808, 0
0.651462, 0.540646, 1
-0.668853, -0.214339, 1
-0.138069, 0.803855, 0
0.387763, 0.264017, 1
0.518431, 0.375579, 0
-0.049595, 0.417775, 1
0.46203, 0.378372, 0
-0.388362, 0.631498, 0
-0.216344, -0.12866, 1
-0.0832636, -0.584719, 0
0.26406, 0.397593, 1
-0.534064, -0.314243, 1
-0.286686, -0.374095, 0
0.0235522, 0.514825, 1
0.539047, 0.702738, 1
-0.307231, 0.722877, 0
-0.873432, 0.348177, 0
-0.191532, 0.142556, 0
-0.758787, -0.330984, 0
0.915923, -0.289607, 1
-0.298676, 0.907172, 1
0.397823, -0.633507, 1
0.069726, -0.519165, 0
0.212951, -0.437277, 0
0.588768, -0.391193, 1
0.0782357, -0.875557, 1
-0.524158, -0.296257, 1
0.389363, 0.478255, 0
0.600715, 0.312175, 0
0.693949, -0.217605, 1
-0.367783, 0.542758, 1
0.120577, 0.606698, 0
-0.352983, 0.766982, 0
0.631132, 0.494318, 0
-0.148051, 0.131042, 0
0.744931, 0.431398, 1
0.475708, 0.581852, 0
-0.057522, -0.728958, 1
-0.382774, 0.419441, 1
-0.360483, 0.0632043, 0
0.551118, -0.312958, 0
-0.30428, -0.330088, 0
-0.186515, 0.805078, 0
-0.666816, 0.320493, 0
0.546239, 0.472664, 0
-0.361901, 0.911696, 1
0.544607, 0.457516, 0
-0.138172, 0.81048, 0
-0.121769, 0.227658, 0
-0.747542, -0.291277, 0
0.577753, -0.429995, 1
0.778414, 0.0174137, 1
0.210135, 0.608986, 0
0.446928, 0.184508, 1
-0.219583, 0.14995, 0
-0.846219, -0.0131408, 0
0.728764, 0.646093, 1
0.122991, -0.850733, 1
-0.863176, -0.402283, 0
0.0312103, 0.387803, 1
-0.758942, 0.477735, 0
-0.260912, -0.605936, 1
0.20107, 0.412056, 1
0.614251, 0.554261, 1
0.0985514, 0.175292, 0
-0.344145, -0.416537, 0
-0.333499, 0.690882, 0
-0.94436, -0.267422, 0
0.993681, 0.0648815, 1
-0.0971752, -0.823978, 1
0.715057, -0.206475, 1
0.575266, -0.213628, 0
-0.674829, 0.640743, 0
-0.64653, -0.00671964, 1
-0.657848, 0.0152136, 1
-0.96525, 0.208911, 1
-0.482836, -0.491872, 1
-0.292612, 0.638448, 0
0.266952, 0.0716496, 1
0.90003, 0.25786, 1
-0.0441402, -0.222739, 1
-0.00744838, -0.598489, 0
-0.655339, -0.350485, 1
0.0639893, 0.563826, 1
0.410226, 0.0953588, 1
-0.0240187, -0.760339, 1
0.126644, 0.24784, 0
0.692836, -0.693582, 0
-0.178921, 0.191431, 0
0.689161, -0.214534, 0
0.346142, -0.933378, 0
-0.201445, -0.304396, 0
-0.449408, 0.200082, 1
-0.385606, 0.128434, 0
-0.623164, 0.777505, 1
0.415114, 0.433934, 0
-0.436228, 0.0735982, 0
0.35511, 0.360645, 1
-0.232569, -0.0233967, 1
-0.598824, -0.314752, 1
0.816907, 0.0131587, 1
-0.132389, -0.442958, 0
-0.235099, -0.866594, 0
0.919718, 0.0526915, 1
-0.0746912, 0.977436, 1
0.538802, -0.61885, 1
-0.602338, -0.228351, 1
-0.207422, -0.474473, 0
0.505025, -0.448255, 0
0.972086, 0.227955, 1
-0.958622, -0.11773, 0
0.045646, 0.463839, 1
-0.114301, -0.24193, 1
-0.103972, -0.217918, 1
0.903092, 0.306488, 1
0.0216573, -0.887894, 0
0.917127, -0.237486, 1
0.26067, 0.889511, 1
-0.211049, -0.0600486, 1
0.763801, -0.0739179, 1
-0.550157, 0.382601, 1
0.53676, -0.0375815, 0
-0.469196, -0.0909978, 0
0.109326, 0.935735, 1
0.296963, -0.125125, 1
0.043223, -0.548042, 0
-0.00776296, 0.403401, 1
-0.765865, -0.186831, 0
0.870699, 0.107344, 1
-0.17203, 0.483376, 1
0.87981, -0.28687, 1
-0.273674, -0.159988, 0
-0.239307, 0.314984, 0
0.689083, -0.693128, 0
-0.44906, -0.57787, 1
-0.272897, -0.198221, 0
0.760362, -0.426964, 1
0.749113, 0.285947, 1
-0.0929588, 0.34497, 0
0.563074, 0.56326, 0
0.458265, -0.624281, 1
0.0704995, -0.791604, 1
0.544777, 0.686775, 1
-0.355566, 0.79363, 0
0.284255, -0.606017, 1
-0.397358, -0.831534, 0
-0.653885, -0.0121446, 1
0.0949497, 0.6238, 0
-0.580639, -0.0424798, 1
-0.447681, 0.575045, 0
-0.67955, -0.614608, 0
0.493149, 0.180102, 1
-0.945804, 0.189326, 0
-0.805782, -0.09106, 0
-0.121758, 0.71447, 0
0.320859, -0.340915, 0
-0.960744, 0.269567, 1
-0.245516, 0.571591, 1
0.884071, -0.295633, 1
0.871413, 0.459456, 1
0.471808, -0.16952, 0
-0.231239, -0.226588, 0
0.813921, -0.473862, 1
0.954526, 0.263455, 1
-0.126024, -0.707013, 1
-0.577299, 0.0900754, 1
-0.243929, 0.256591, 0
0.0436785, -0.899484, 0
-0.56762, -0.818795, 0
0.0559233, -0.233588, 1
0.849044, 0.391928, 1
0.217625, -0.14869, 1
0.638561, 0.194496, 0
-0.362758, 0.920101, 1
0.806802, -0.418276, 1
-0.525099, 0.751372, 0
-0.437978, 0.737933, 0
0.894884, 0.367075, 1
0.369232, 0.625123, 0
-0.616553, -0.0200045, 1
0.363274, 0.466966, 0
-0.647289, -0.375516, 1
-0.861024, 0.15409, 0
0.763446, 0.113946, 1
0.847998, -0.440245, 1
0.571804, 0.82, 1
0.316756, -0.5989, 1
0.015984, -0.261957, 1
-0.689156, -0.0945994, 1
-0.196453, -0.212123, 1
-0.780125, 0.04596, 0
0.111962, -0.622216, 0
-0.659196, -0.316705, 1
-0.802393, 0.375121, 0
-0.291048, 0.265382, 0
0.221972, -0.731784, 1
0.652521, -0.626719, 1
-0.911547, -0.212282, 0
0.180569, -0.279391, 1
-0.89993, 0.338458, 0
0.71579, 0.426282, 1
0.0565405, 0.869111, 1
0.484954, -0.201576, 0
-0.611961, 0.25224, 1
0.142676, -0.00605359, 0
-0.102608, 0.28358, 0
0.478387, 0.120991, 1
0.870518, -0.170093, 1
0.301662, 0.429258, 1
0.890384, -0.0690774, 1
-0.166545, 0.974975, 1
0.0450347, 0.0141228, 0
0.645836, -0.0929831, 0
-0.874519, 0.390009, 0
0.854457, 0.136307, 1
-0.22785, -0.524424, 0
0.0417346, -0.98087, 0
-0.303936, 0.637813, 0
-0.131259, 0.632577, 0
0.637671, 0.704046, 1
0.246743, -0.0296485, 1
0.362841, 0.347908, 1
0.700613, 0.450741, 1
0.180739, -0.567701, 0
0.0967662, -0.00101175, 0
-0.00266336, -0.524111, 0
0.789041, 0.00530544, 1
-0.222944, -0.103191, 1
-0.671114, 0.483906, 0
0.0936635, 0.830342, 0
0.847973, -0.0431508, 1
0.507149, 0.0196414, 0
-0.397734, -0.863249, 0
-0.411606, 0.45917, 1
-0.245658, 0.103721, 0
0.163325, -0.837615, 1
0.64294, -0.119408, 0
-0.821782, 0.246395, 0
-0.297388, -0.837407, 0
-0.669666, -0.524581, 0
0.355294, 0.0185334, 1
-0.266458, -0.932587, 0
0.164364, 0.925969, 1
0.395542, -0.738837, 1
-0.252094, -0.669067, 1
-0.305016, -0.800804, 0
0.310686, 0.0790119, 1
0.425528, -0.346344, 0
-0.531678, 0.111931, 1
-0.682013, -0.49295, 0
0.479953, 0.350234, 0
-0.0746977, 0.478705, 1
-0.092264, -0.809589, 1
0.67366, 0.719886, 1
0.13567, -0.678805, 1
0.258308, 0.0292243, 1
0.748048, -0.511564, 1
0.548218, 0.46815, 0
0.201397, 0.525801, 1
0.976912, 0.0630202, 1
-0.755449, 0.136413, 0
0.474333, -0.71667, 1
-0.507676, -0.581657, 1
-0.261787, -0.830844, 0
0.168566, 0.467092, 1
-0.850347, 0.377496, 0
-0.566026, -0.538798, 1
0.690597, 0.531942, 1
0.596987, -0.542864, 1
0.810021, -0.240178, 1
-0.395574, -0.200446, 0
0.595811, -0.172738, 0
-0.612617, -0.648199, 0
-0.482319, -0.0286867, 0
0.366228, -0.535555, 0
0.64121, 0.567283, 1
0.475939, -0.143089, 0
0.911013, 0.216823, 1
-0.548539, 0.392346, 1
-0.261571, 0.51075, 1
-0.639347, -0.643469, 0
0.064859, -0.925735, 0
-0.0922026, -0.666981, 1
0.140995, -0.385815, 0
0.771834, 0.402168, 1
0.0238858, -0.435024, 0
-0.364481, -0.163652, 0
0.446037, -0.443945, 0
0.282951, -0.0919342, 1
0.247115, 0.226789, 1
-0.912365, 0.189405, 0
-0.0924624, -0.260791, 1
0.432145, -0.628974, 1
-0.254151, -0.0854639, 1
0.338844, -0.622653, 1
-0.795315, -0.363033, 0
0.459464, 0.310902, 0
0.703031, 0.25525, 0
-0.157256, 0.153516, 0
-0.795037, 0.504528, 0
0.28358, 0.720197, 0
-0.162961, 0.380229, 1
0.222613, 0.858664, 1
-0.15937, 0.901168, 1
-0.362053, -0.344691, 0
-0.541547, 0.312391, 1
0.33342, 0.0473981, 1
-0.868951, -0.137251, 0
0.00423078, -0.221583, 1
-0.25488, -0.00599672, 0
-0.427079, 0.279265, 1
-0.186885, -0.707353, 1
0.0766082, -0.0355493, 0
0.413693, 0.564925, 0
0.565224, -0.701016, 1
-0.124452, -0.0606686, 1
-0.558129, 0.464837, 0
0.477924, -0.379096, 0
0.0844275, 0.144348, 0
-0.421593, 0.229105, 1
0.0778754, 0.545203, 1
0.33188, -0.372045, 0
-0.44095, 0.530452, 0
-0.104837, 0.822829, 0
-0.311371, -0.382631, 0
-0.577653, 0.73408, 1
-0.401415, 0.735271, 0
-0.50029, 0.436212, 1
0.34453, 0.468828, 0
0.797238, -0.45082, 1
-0.185987, 0.100087, 0
0.0926117, 0.0936609, 0
-0.601067, 0.709948, 0
0.922395, -0.291079, 1
0.107025, -0.325592, 1
-0.651019, 0.745005, 1
0.584869, -0.219185, 0
0.812417, -0.110982, 1
0.0829345, -0.141183, 0
-0.43167, 0.763144, 0
0.693213, -0.416903, 1
-0.93955, 0.0787935, 0
-0.205861, -0.0706585, 1
-0.551505, -0.0784171, 1
0.810586, -0.465223, 1
-0.146717, -0.618507, 1
-0.209203, -0.465642, 0
0.597558, 0.263054, 0
0.838607, 0.361418, 1
-0.81717, -0.392327, 0
0.450682, 0.878108, 1
0.520185, 0.00152334, 0
-0.916605, -0.333792, 0
-0.138007, 0.216233, 0
0.624294, 0.536501, 1
-0.0315326, 0.154492, 0
0.531955, 0.395394, 0
-0.328962, 0.366195, 1
0.550378, 0.588286, 0
-0.586313, -0.411382, 1
0.24489, 0.626396, 0
-0.266201, 0.430884, 1
0.160846, 0.45414, 1
0.302263, -0.389504, 0
-0.416673, -0.650718, 1
0.411398, -0.857139, 0
-0.19281, 0.108209, 0
0.633585, -0.297238, 0
0.430158, -0.691228, 1
0.062495, -0.290203, 1
-0.815718, -0.421113, 0
-0.504686, -0.777629, 0
-0.306942, 0.789477, 0
-0.481787, -0.620629, 1
-0.36784, 0.0986186, 0
0.439222, 0.860957, 1
-0.0133281, 0.325247, 0
-0.795009, 0.566313, 1
-0.45576, -0.224201, 0
-0.766471, 0.409805, 0
0.381938, 0.791492, 1
0.950677, -0.158237, 1
0.127677, 0.501051, 1
-0.236344, -0.833435, 0
0.828753, 0.504178, 1
-0.765289, 0.361615, 0
-0.948311, -0.203954, 0
0.184102, 0.811063, 0
-0.0407437, 0.705867, 0
-0.677048, 0.256427, 0
0.200763, -0.169268, 1
-0.53958, -0.112351, 1
-0.370609, -0.0784567, 0
-0.887092, -0.174384, 0
0.707363, 0.38621, 1
0.0987575, -0.489761, 0
-0.77741, -0.319421, 0
0.115309, 0.668223, 0
0.370567, 0.79226, 1
-0.261697, 0.549607, 1
-0.583923, 0.384561, 1
-0.917536, -0.0112787, 0
-0.351659, -0.768703, 0
0.0035615, 0.85733, 0
-0.467417, -0.393627, 1
0.763589, -0.0409343, 1
-0.608155, -0.138971, 1
0.121199, -0.837359, 1
0.864001, 0.367253, 1
0.888209, 0.202496, 1
0.233952, 0.143313, 0
0.315205, 0.0536155, 1
-0.667589, -0.110154, 1
0.577568, 0.690095, 1
-0.57109, 0.711146, 0
0.509839, -0.552608, 1
0.311774, -0.830774, 1
-0.812685, -0.535004, 0
0.746043, 0.5651, 1
-0.00661226, -0.163115, 1
0.406194, -0.661299, 1
0.343181, -0.837927, 1
-0.429701, 0.840751, 1
-0.205477, -0.437981, 0
0.266893, -0.942959, 0
0.325082, -0.937852, 0
-0.718502, -0.229697, 1
0.823694, -0.194263, 1
0.448161, 0.326144, 0
0.83013, -0.321336, 1
0.281537, 0.0441071, 1
0.913945, -0.158611, 1
-0.340059, -0.775308, 0
0.0802848, 0.264723, 0
0.365018, 0.0894591, 1
0.0292569, 0.130056, 0
-0.162641, 0.945468, 1
0.192867, 0.232275, 0
0.693793, 0.488297, 1
-0.815924, 0.37805, 0
-0.41039, 0.256277, 1
0.903917, 0.12637, 1
-0.794457, 0.157343, 0
0.0867514, -0.547929, 0
-0.187975, 0.908117, 1
0.171931, -0.367042, 1
-0.403573, 0.305022, 1
-0.428733, -0.651059, 1
-0.108058, -0.224092, 1
0.092424, -0.109266, 0
0.356598, -0.408973, 0
0.310735, -0.29901, 1
0.286024, -0.581479, 0
-0.287444, -0.454234, 0
-0.159758, 0.413912, 1
0.173067, -0.740385, 1
0.0577663, -0.602371, 0
0.375009, 0.143172, 1
-0.669693, 0.683002, 1
-0.342838, 0.0258316, 0
-0.730693, 0.172915, 0
-0.887578, -0.0388527, 0
-0.682129, -0.360728, 1
-0.0206389, -0.810915, 1
0.24279, 0.713002, 0
0.51521, 0.642436, 1
-0.666156, 0.119866, 1
-0.721071, -0.117729, 1
0.520923, 0.438176, 0
-0.854598, -0.0129186, 0
-0.589442, 0.270032, 1
-0.771054, -0.0977858, 0
0.377847, -0.017216, 1
-0.234716, -0.447367, 0
-0.917905, 0.28578, 0
-0.628333, -0.528121, 0
0.951257, -0.0815358, 1
0.923505, 0.257971, 1
-0.338239, 0.253428, 0
-0.717378, -0.070485, 1
0.68226, 0.467772, 1
0.557314, 0.791999, 1
-0.142772, 0.204975, 0
0.60512, 0.12095, 0
0.280764, 0.0567273, 1
0.223867, 0.881719, 1
-0.551581, 0.269762, 1
0.779311, -0.360831, 1
-0.312989, -0.806794, 0
-0.545126, -0.693604, 0
0.773469, -0.318514, 1
-0.176737, -0.189063, 1
-0.926371, -0.0809881, 0
-0.771099, 0.532415, 0
0.790621, 0.45411, 1
-0.266772, 0.294321, 0
-0.156694, 0.255844, 0
0.817958, -0.544954, 0
0.956312, 0.186596, 1
0.216764, 0.396483, 1
-0.515786, -0.753246, 0
0.661341, -0.502703, 1
-0.167235, -0.392606, 0
0.795119, 0.529753, 1
0.363682, -0.90112, 0
0.558484, 0.747625, 1
0.343336, 0.804835, 1
-0.413819, -0.681596, 1
0.149923, -0.741653, 1
-0.959624, -0.0656272, 0
-0.526087, 0.0203812, 1
-0.00508563, 0.60943, 1
0.911106, 0.356368, 1
0.257245, -0.871957, 0
-0.161637, 0.557522, 1
-0.34786, 0.918342, 1
0.507489, 0.675947, 1
-0.722374, -0.501232, 0
-0.266329, 0.279867, 0
0.0910345, -0.965358, 0
0.032832, -0.617391, 0
0.19484, 0.715572, 0
0.299511, -0.0304144, 1
0.654629, 0.654233, 1
0.42552, 0.229384, 1
-0.161071, -0.310585, 0
0.108849, 0.531383, 1
-0.42889, -0.221156, 0
-0.354957, -0.576807, 1
-0.570906, -0.0679533, 1
0.285982, 0.715117, 0
-0.412727, 0.451777, 1
-0.370317, 0.556913, 1
0.655545, 0.0333658, 0
-0.478648, 0.391931, 1
-0.050062, -0.453809, 0
-0.274704, 0.203951, 0
-0.318001, 0.161892, 0
0.941412, 0.0707826, 1
0.401285, 0.891769, 1
0.613101, 0.0612254, 0
-0.950163, -0.286666, 0
-0.231046, -0.252364, 0
-0.12915, -0.561222, 0
-0.116078, 0.955093, 1
0.878145, -0.209448, 1
0.00129851, 0.959441, 1
-0.637797, 0.711165, 1
0.741525, 0.27481, 1
-0.13619, -0.404727, 0
0.780724, -0.0769808, 1
0.108434, -0.50918, 0
0.576972, 0.448208, 0
0.221796, -0.080432, 1
0.63536, -0.631964, 1
-0.1481, 0.0944495, 1
-0.00976982, -0.655339, 1
-0.0720546, 0.543298, 1
0.512, -0.725383, 1
-0.458004, 0.494443, 1
-0.0922416, -0.18357, 1
-0.550767, 0.184116, 1
0.565367, -0.649102, 1
0.208522, 0.911401, 1
-0.182083, -0.223, 1
-0.680023, 0.500903, 0
-0.498553, -0.0324406, 0
-0.102685, 0.197249, 0
-0.204871, -0.315592, 0
-0.558615, -0.729741, 0
0.930546, 0.337882, 1
0.0414426, -0.667492, 1
-0.6051, -0.341342, 1
0.570063, -0.261932, 0
0.434792, 0.37103, 0
0.581577, 0.0204237, 0
0.366946, 0.756989, 1
0.712139, 0.694816, 1
0.293237, 0.212911, 1
-0.951473, 0.149621, 0
-0.347006, -0.17011, 0
-0.514688, 0.442704, 1
-0.361168, -0.233192, 0
-0.741087, 0.514371, 0
0.699421, 0.420411, 1
0.67199, 0.395727, 0
-0.422696, 0.313905, 1
-0.431639, -0.043027, 0
-0.53315, 0.566122, 0
-0.670658, 0.569212, 0
0.324841, 0.438615, 1
0.093029, 0.42379, 1
-0.776289, -0.623776, 0
-0.41327, -0.0383708, 0
-0.532325, -0.206047, 1
-0.323254, -0.084608, 0
-0.419952, -0.16051, 0
0.824901, 0.311443, 1
0.698918, 0.499011, 1
-0.0905927, -0.68539, 1
-0.0991605, 0.89312, 1
0.383399, 0.251354, 1
0.796064, -0.526642, 0
0.23944, -0.734242, 1
-0.288851, 0.0815655, 0
-0.915205, -0.350275, 0
-0.173703, -0.44013, 0
-0.305053, -0.585158, 1
-0.396627, 0.177754, 0
-0.45306, -0.491795, 1
0.0646604, -0.578307, 0
0.832809, 0.295083, 1
0.450325, 0.342293, 0
0.751744, 0.235791, 1
-0.942877, 0.180476, 0
-0.180359, 0.157783, 0
0.34527, -0.249151, 1
-0.470515, 0.298585, 1
-0.809014, 0.235751, 0
0.683948, 0.167694, 0
-0.467571, 0.340097, 1
-0.115582, 0.491272, 1
0.177115, -0.67323, 1
0.330133, -0.936392, 0
-0.476193, 0.25718, 1
-0.777048, 0.61909, 1
0.0796796, 0.853164, 0
-0.0772311, -0.690478, 1
0.209395, -0.28799, 1
0.0600141, 0.639432, 0
0.448063, 0.05968, 1
-0.461485, -0.614011, 1
-0.123515, -0.827444, 1
-0.136576, 0.969697, 1
-0.309696, 0.779787, 0
0.0967818, 0.368565, 1
-0.862627, -0.240922, 0
-0.854688, 0.273191, 0
0.658865, 0.277383, 0
-0.549808, -0.363075, 1
0.758803, 0.287941, 1
-0.0261791, 0.867046, 0
0.581029, -0.517583, 1
0.00989804, 0.661425, 0
0.138155, 0.108154, 0
0.0620101, -0.653645, 1
-0.964032, 0.134697, 0
-0.361547, 0.797957, 0
-0.580102, 0.481428, 0
-0.000419735, -0.406155, 0
0.339678, 0.539983, 0
-0.293859, -0.807383, 0
-0.0684764, -0.966968, 0
0.18646, 0.771064, 0
-0.925265, 0.279426, 0
0.237419, 0.498899, 1
0.12361, -0.796264, 1
-0.667973, -0.0203029, 1
-0.465654, 0.000649634, 0
-0.384206, -0.725947, 1
-0.854738, -0.294915, 0
0.637865, 0.550983, 1
-0.809323, -0.307269, 0
0.471219, 0.0523691, 1
-0.489728, 0.320998, 1
-0.638813, 0.119711, 1
-0.427041, -0.756548, 0
-0.326419, -0.0537677, 0
-0.525372, 0.0450197, 1
-0.365945, 0.118904, 0
0.391304, 0.6139, 0
0.178432, -0.544127, 0
0.316697, 0.433249, 1
0.136867, -0.898016, 0
-0.475895, -0.792779, 0
-0.850761, -0.344425, 0
-0.0371356, 0.602157, 1
-0.202814, -0.54021, 0
-0.447783, 0.688646, 0
0.0266437, -0.992237, 0
-0.385707, -0.753006, 0
0.594742, -0.45283, 1
-0.0572305, 0.494636, 1
-0.313399, -0.490023, 1
0.70594, 0.649351, 1
-0.524986, 0.745763, 0
-0.52322, 0.48854, 0
-0.537259, -0.189013, 1
-0.681953, -0.673822, 0
-0.0793016, 0.902908, 1
-0.367059, -0.250036, 0
0.567906, 0.777384, 1
0.133217, 0.0187145, 0
-0.525587, -0.283324, 1
0.196173, 0.000101775, 0
0.288776, 0.180261, 1
-0.761799, 0.261059, 0
0.777802, -0.570102, 0
0.59029, 0.625292, 1
0.534427, -0.0311997, 0
-0.885809, -0.224797, 0
-0.0413491, 0.233175, 0
0.608689, -0.514044, 1
0.832028, 0.332027, 1
-0.115683, 0.230889, 0
-0.385047, -0.721158, 1
0.164546, 0.323129, 1
-0.471894, 0.665593, 0
0.730282, 0.0830141, 0
-0.104356, 0.934509, 1
-0.557962, -0.35917, 1
0.150064, 0.703523, 0
-0.397057, -0.0473956, 0
0.852119, -0.341889, 1
0.122154, 0.374974, 1
0.694296, 0.0377863, 0
0.757613, -0.263081, 1
0.292929, -0.00800762, 1
-0.371744, 0.924956, 1
0.552165, 0.592205, 0
0.57129, -0.462695, 1
-0.304578, 0.645424, 0
0.679916, 0.587933, 1
-0.293221, 0.218722, 0
0.863614, -0.28556, 1
-0.134169, -0.235718, 1
0.20959, -0.112805, 1
-0.724902, -0.387854, 0
0.857512, -0.220044, 1
0.427841, -0.730312, 1
0.155044, 0.584317, 0
-0.925152, 0.0709173, 0
-0.0216347, 0.0380028, 1
0.777752, -0.224343, 1
0.615509, 0.459625, 0
-0.316148, 0.53138, 1
-0.641695, 0.316938, 0
0.757295, 0.637307, 1
0.477019, -0.585728, 1
-0.914686, 0.197383, 0
0.649127, -0.43546, 1
-0.495274, 0.0144014, 0
0.732019, 0.50852, 1
0.268572, -0.414111, 0
-0.610066, -0.310963, 1
0.0791304, 0.5844, 1
0.682056, 0.143914, 0
0.68242, -0.459831, 1
0.488519, -0.355735, 0
-0.360303, 0.768082, 0
0.471041, 0.775446, 1
-0.0878884, 0.663028, 0
-0.419237, -0.604116, 1
-0.987992, -0.0838908, 0
-0.472405, -0.794995, 0
-0.593251, 0.555434, 0
-0.833809, -0.0754384, 0
-0.760383, 0.524242, 0
0.116575, 0.599252, 0
0.47457, 0.0449757, 1
-0.792575, 0.338368, 0
-0.557646, 0.2121, 1
-0.630206, -0.378515, 1
-0.264964, 0.331442, 0
0.209003, 0.673, 0
-0.802632, 0.267532, 0
0.412858, 0.748203, 1
0.749, -0.330575, 1
0.577482, -0.569923, 1
-0.0518031, -0.0391129, 1
-0.445222, 0.693605, 0
-0.0333094, 0.812551, 0
-0.175557, 0.0204912, 1
0.522977, -0.847748, 0
0.481423, -0.2015, 0
0.0617794, -0.275698, 1
0.525899, 0.790666, 1
0.637176, -0.00551451, 0
-0.488996, 0.788418, 1
-0.0818951, -0.692516, 1
-0.393639, 0.750722, 0
0.140891, -0.692545, 1
0.319671, -0.416366, 0
0.85135, 0.383455, 1
-0.395352, 0.875965, 1
-0.0119497, -0.824216, 1
0.152889, 0.449339, 1
0.311193, -0.626486, 1
0.623798, 0.420095, 0
0.24655, 0.892356, 1
0.701937, 0.625018, 1
0.756011, 0.423096, 1
-0.342305, -0.143975, 0
-0.420321, -0.821828, 0
-0.110287, -0.0238234, 1
-0.257376, -0.872439, 0
0.468327, -0.535781, 1
-0.90235, 0.410049, 1
0.366046, -0.0987198, 1
0.567837, 0.56175, 0
-0.109411, -0.714452, 1
0.520475, -0.661501, 1
0.345332, 0.372179, 1
-0.0979574, 0.477124, 1
-0.540929, 0.176439, 1
0.0978464, -0.596363, 0
-0.413512, 0.878811, 1
0.749515, 0.386683, 1
-0.645898, -0.494815, 0
0.503702, 0.672868, 1
0.265106, 0.357309, 1
-0.743048, 0.574307, 0
-0.512453, -0.160537, 1
0.355762, -0.439895, 0
-0.674822, 0.382551, 0
0.0262158, -0.129035, 0
-0.600502, 0.487572, 0
-0.845668, 0.422559, 0
0.34866, -0.914838, 0
-0.282325, 0.069922, 0
0.912207, 0.0214327, 1
-0.19126, 0.756386, 0
-0.342142, 0.544718, 1
-0.872835, -0.368422, 0
-0.970998, -0.0832991, 0
-0.193611, 0.478511, 1
-0.192784, -0.264063, 0
0.472455, 0.0709258, 1
0.347762, -0.368191, 0
-0.614799, -0.150351, 1
0.105846, 0.415173, 1
-0.593088, -0.382095, 1
0.171655, -0.662036, 1
-0.774819, 0.350728, 0
0.761128, -0.222403, 1
0.17603, -0.603367, 0
-0.934932, 0.0392546, 0
0.63805, 0.185947, 0
0.63428, -0.45987, 1
-0.425704, -0.256785, 0
-0.140059, 0.429743, 1
0.029592, 0.64847, 0
0.074563, 0.872727, 1
-0.252055, -0.637452, 1
0.570536, 0.170557, 0
0.308249, -0.785814, 1
-0.275031, 0.218377, 0
0.237334, 0.103414, 0
-0.89343, -0.0731531, 0
0.673245, -0.326278, 1
0.632075, 0.721124, 1
-0.133459, 0.18392, 0
0.648988, -0.100777, 0
0.496478, -0.637577, 1
-0.240665, 0.569358, 1
0.937057, 0.0260308, 1
0.675574, -0.138309, 0
-0.102535, -0.869509, 0
-0.105024, -0.569597, 0
-0.308367, -0.488489, 0
0.804115, -0.198907, 1
-0.343999, -0.455892, 0
-0.393593, -0.32698, 0
0.6278, 0.747766, 1
-0.0457366, -0.0809051, 1
0.0723333, 0.280336, 0
0.899818, -0.329987, 1
0.187861, 0.535905, 1
0.508235, 0.463581, 0
-0.392384, -0.530029, 1
-0.62417, 0.373232, 0
0.269534, 0.358683, 1
0.0179802, -0.628907, 1
0.488885, 0.385046, 0
-0.693818, 0.70202, 1
-0.309202, -0.734593, 1
0.551574, 0.284702, 0
0.311006, 0.748544, 0
-0.300068, -0.200417, 0
-0.0313277, -0.763747, 1
0.495851, 0.213022, 0
0.599443, -0.512093, 1
0.267208, -0.807297, 1
-0.380171, -0.733667, 1
0.322468, 0.125296, 1
-0.107607, 0.448717, 1
0.132076, -0.856822, 1
0.500975, 0.341034, 0
0.359868, 0.0495633, 1
-0.262135, -0.818607, 0
0.440771, -0.327146, 0
-0.612784, 0.208062, 1
0.0617146, -0.230893, 1
0.0831333, -0.0501807, 0
0.616113, 0.269506, 0
-0.218326, -0.628762, 1
-0.404664, 0.024505, 0
0.325207, -0.110976, 1
-0.382399, -0.638746, 1
-0.727988, 0.562219, 0
-0.412769, 0.604561, 0
0.47108, 0.430285, 0
-0.124195, -0.973518, 0
-0.266151, -0.460559, 0
0.0650753, 0.628601, 0
-0.176126, 0.66975, 0
-0.623959, -0.0382128, 1
-0.883909, -0.0290404, 0
0.678248, -0.0362901, 0
-0.30251, 0.728771, 0
0.708838, -0.173217, 0
-0.609902, 0.0178347, 1
-0.627244, -0.000821357, 1
-0.154173, -0.891246, 0
0.236856, 0.896306, 1
-0.131931, -0.959623, 0
0.135683, -0.369093, 1
-0.0400483, -0.667271, 1
-0.0661421, -0.512692, 0
0.86724, -0.043498, 1
0.729658, -0.606417, 0
0.841946, -0.136832, 1
-0.168938, 0.123892, 0
-0.596245, 0.115608, 1
-0.883264, 0.0028712, 0
0.53513, 0.55063, 0
0.312705, 0.0642409, 1
-0.487299, -0.666828, 0
0.371389, 0.851671, 1
0.439506, 0.278271, 1
0.715145, 0.249367, 0
0.192989, 0.567422, 0
-0.613055, 0.312081, 1
-0.948203, 0.276576, 1
-0.217797, 0.210824, 0
0.0745299, -0.395587, 0
-0.964595, -0.00514923, 0
-0.00884705, 0.174186, 0
-0.798165, -0.228665, 0
0.0503143, 0.952573, 1
-0.00208471, -0.159236, 1
0.550158, -0.217837, 0
0.769847, -0.440026, 1
-0.799739, -0.523804, 0
0.263964, -0.668236, 1
0.747575, 0.367854, 1
0.506562, 0.684095, 1
0.553032, -0.378986, 0
0.496906, 0.340635, 0
0.154667, 0.437749, 1
-0.774832, -0.498803, 0
0.564763, -0.389196, 0
-0.569003, 0.494931, 0
0.192356, -0.772968, 1
0.433892, -0.167269, 1
0.619482, -0.118457, 0
0.305198, 0.246096, 1
0.00287275, -0.0582741, 0
0.272786, -0.0407263, 1
0.184367, -0.285828, 1
-0.397564, 0.436039, 1
0.206931, -0.8101, 1
-0.507234, -0.533055, 1
-0.0208009, 0.937904, 1
0.0808336, -0.583304, 0
-0.131038, 0.321607, 0
-0.563516, 0.133022, 1
-0.361158, -0.788129, 0
-0.527331, -0.542678, 1
-0.377118, -0.633586, 1
0.702452, 0.568139, 1
-0.206232, -0.249132, 0
0.364204, 0.741029, 0
0.486097, 0.790211, 1
-0.181391, -0.678296, 1
-0.375261, 0.726469, 0
-0.0957297, -0.489086, 0
-0.815217, 0.290301, 0
0.116486, -0.945083, 0
-0.733401, -0.336804, 0
0.735701, -0.659604, 0
-0.782296, 0.315493, 0
-0.0862058, -0.318754, 1
0.247023, 0.150376, 0
-0.898024, 0.204654, 0
0.0496185, -0.0343166, 0
-0.629037, -0.749996, 0
0.526163, -0.199312, 0
0.806635, -0.136309, 1
-0.194823, -0.0433402, 1
0.0413959, -0.275323, 1
0.166167, 0.970965, 1
-0.72756, 0.0972538, 1
0.14573, 0.311395, 1
0.761457, 0.111206, 1
0.0973028, 0.403336, 1
-0.0661555, 0.570594, 1
-0.560495, -0.556934, 1
-0.300182, -0.385475, 0
0.289254, 0.614029, 0
0.245333, 0.94092, 1
0.526206, 0.213211, 0
0.520245, -0.0497569, 0
0.191376, -0.947047, 0
0.535616, -0.412841, 0
0.3653, -0.818489, 1
-0.673254, -0.480575, 0
0.149524, -0.581626, 0
-0.763172, -0.0756297, 0
0.765803, -0.514275, 1
-0.420202, 0.84012, 1
-0.766814, -0.236721, 0
-0.245757, -0.570435, 1
-0.403037, 0.146831, 0
0.475986, 0.0886136, 1
-0.759971, 0.556325, 0
0.860836, -0.217028, 1
-0.219163, -0.0571792, 1
-0.409378, 0.396008, 1
0.225497, 0.203155, 0
0.229725, -0.282513, 1
0.486164, 0.0407813, 1
0.220162, 0.391696, 1
-0.782637, 0.22862, 0
-0.0137946, 0.152704, 0
-0.270872, 0.778717, 0
0.131242, 0.380313, 1
0.220286, 0.672854, 0
-0.284252, 0.359419, 1
0.081274, -0.368286, 1
-0.116097, 0.773183, 0
-0.543111, 0.783851, 1
-0.393371, 0.24792, 1
0.489846, -0.213476, 0
-0.969157, 0.211801, 1
0.693198, 0.374318, 0
0.877952, -0.201552, 1
0.147205, -0.694294, 1
0.606806, -0.251088, 0
-0.492924, 0.584459, 0
0.173654, -0.333555, 1
-0.827685, 0.103886, 0
0.339127, -0.93523, 0
-0.0961707, -0.452779, 0
0.383329, -0.162288, 1
0.171322, -0.578772, 0
0.109807, 0.343764, 1
0.349098, -0.0557365, 1
0.00274892, -0.974914, 0
0.246922, 0.885522, 1
0.512993, 0.064937, 0
0.354102, -0.578777, 1
0.416517, -0.422502, 0
0.372339, 0.462986, 0
-0.370943, -0.287222, 0
0.286265, 0.220436, 1
-0.360467, 0.60044, 0
0.762256, -0.100363, 1
0.696056, 0.242731, 0
-0.659148, 0.37075, 0
0.803666, -0.140334, 1
-0.211636, 0.176144, 0
-0.113576, 0.106947, 1
0.828723, -0.467491, 1
0.878054, -0.41032, 0
0.747227, 0.0363392, 0
-0.54649, 0.432135, 1
-0.299751, 0.656523, 0
-0.0173109, -0.960108, 0
0.00625773, 0.688683, 0
0.584643, -0.521696, 1
0.501264, 0.702622, 1
-0.60917, 0.254293, 1
0.324101, 0.613538, 0
-0.782946, -0.374003, 0
0.390185, 0.862801, 1
-0.13475, 0.589094, 1
0.377952, 0.575852, 0
0.822096, 0.55052, 1
0.487145, -0.365302, 0
-0.692977, -0.205244, 1
0.0498544, 0.932821, 1
-0.046377, -0.627621, 1
-0.0730051, 0.517183, 1
0.773933, 0.1887, 1
-0.165022, 0.33447, 0
0.37497, 0.758301, 1
-0.878425, -0.428906, 0
0.427934, -0.486459, 0
-0.249149, 0.78242, 0
-0.884746, 0.185583, 0
-0.061585, -0.898634, 0
-0.0563366, 0.418894, 1
-0.753142, -0.394884, 0
-0.559232, 0.250026, 1
0.564455, 0.595464, 1
0.195396, -0.898478, 0
-0.551131, -0.402129, 1
-0.501252, 0.621679, 0
0.901473, -0.293781, 1
-0.751907, 0.204843, 0
-0.4296, -0.191739, 0
0.23113, -0.314802, 1
-0.241899, -0.363396, 0
0.663693, -0.203371, 0
0.743481, -0.320925, 1
-0.71767, -0.213106, 1
0.0720863, 0.736834, 0
-0.0125264, -0.448829, 0
-0.724346, -0.484998, 0
-0.447693, -0.288759, 0
0.506341, 0.249493, 0
-0.978063, 0.0773079, 0
-0.674273, -0.0662719, 1
0.248961, 0.529674, 1
-0.239938, 0.422822, 1
0.0263973, -0.643112, 1
-0.746134, -0.321728, 0
0.129542, 0.397364, 1
-0.0185731, 0.544587, 1
0.563147, -0.23989, 0
-0.879186, 0.474186, 1
0.0719087, -0.166444, 1
0.952011, -0.281666, 0
-0.428101, -0.356121, 1
-0.20119, -0.481732, 0
0.0953795, -0.318093, 1
0.0551332, -0.159279, 1
0.0843951, -0.40735, 0
0.678724, 0.695022, 1
-0.821532, -0.492893, 0
-0.146837, -0.273393, 1
0.138371, 0.609071, 0
-0.785233, 0.535101, 0
0.0661576, 0.936145, 1
0.687628, -0.682097, 0
-0.579777, -0.22861, 1
0.87667, 0.246363, 1
-0.70915, 0.375808, 0
-0.174841, 0.554364, 1
-0.756621, -0.0654221, 0
-0.860296, 0.166871, 0
-0.372576, 0.700832, 0
0.746055, -0.531219, 1
-0.390499, -0.237782, 0
-0.0971449, 0.693011, 0
-0.153083, -0.507945, 0
-0.200543, -0.520869, 0
0.420553, 0.589228, 0
0.540309, 0.0935338, 0
-0.301039, 0.629774, 0
0.673664, -0.526031, 1
0.617641, -0.134147, 0
-0.285414, -0.0556001, 0
0.580059, 0.620807, 1
0.584732, -0.6355, 1
0.00582621, 0.916239, 1
0.467139, -0.520341, 1
0.802073, 0.221746, 1
-0.285065, -0.126833, 0
-0.994731, -0.0351239, 0
0.186683, -0.597528, 0
0.279936, 0.298478, 1
-0.196901, 0.901049, 1
0.213494, 0.70318, 0
-0.638752, 0.427121, 0
-0.697292, -0.0937838, 1
0.290616, 0.892721, 1
-0.107537, 0.892853, 1
0.130835, 0.606225, 0
-0.167404, 0.028803, 1
0.633021, -0.599415, 1
0.120377, -0.399313, 0
0.858946, -0.455843, 0
0.293166, 0.69997, 0
-0.102504, 0.321279, 0
0.508629, -0.60995, 1
0.412242, 0.330903, 1
0.841138, -0.191535, 1
-0.735551, 0.26761, 0
0.947933, 0.112277, 1
-0.618026, 0.507851, 0
0.0942085, 0.618292, 0
-0.477513, -0.810205, 0
-0.222345, 0.371321, 1
-0.843849, -0.0280446, 0
0.0934553, 0.834663, 0
0.48283, -0.786063, 0
0.586653, -0.0477749, 0
-0.163843, -0.21518, 1
-0.176939, -0.798188, 1
0.761798, 0.029107, 1
-0.302389, -0.521546, 1
0.30181, -0.510516, 0
-0.112263, -0.721581, 1
0.107257, 0.606127, 0
-0.395591, -0.918081, 0
0.576958, -0.0927561, 0
0.65002, 0.235363, 0
-0.57253, 0.543333, 0
0.858952, -0.249181, 1
0.437151, -0.436043, 0
-0.13855, -0.687042, 1
0.269059, 0.917348, 1
-0.671694, -0.725839, 0
0.334157, 0.149789, 1
0.801575, 0.0102574, 1
-0.0133639, -0.560786, 0
-0.355368, -0.418815, 0
0.40408, 0.42809, 0
0.272683, -0.385233, 0
-0.4834, 0.331796, 1
0.66171, -0.242585, 0
0.639147, -0.154209, 0
-0.753263, -0.108942, 1
-0.010475, -0.757442, 1
0.540059, 0.303836, 0
0.398918, 0.803289, 1
0.303552, -0.366653, 0
0.403042, -0.578466, 1
0.644084, -0.0979589, 0
-0.631756, 0.5369, 0
0.66644, 0.0193263, 0
0.2142, 0.495572, 1
-0.912193, 0.273376, 0
0.663925, -0.251939, 0
-0.170775, 0.937226, 1
-0.525919, 0.484968, 0
0.610572, -0.10124, 0
-0.389755, -0.892817, 0
-0.603112, 0.00867154, 1
-0.420375, 0.316918, 1
-0.963723, -0.145944, 0
0.581193, -0.158771, 0
-0.00245124, 0.649927, 0
0.415701, 0.340285, 1
-0.850624, 0.468842, 1
-0.844388, -0.0122501, 0
0.526613, -0.0302853, 0
-0.568726, 0.791163, 1
-0.129129, -0.134336, 1
0.627633, 0.610719, 1
0.913768, -0.404258, 0
0.0735358, -0.139319, 0
0.42556, -0.37359, 0
-0.444942, -0.150288, 0
0.357936, -0.564807, 0
-0.16988, 0.363411, 0
-0.228407, -0.694965, 1
-0.0235301, 0.980533, 1
0.407133, 0.00661102, 1
0.190035, -0.818884, 1
0.45245, -0.139138, 1
-0.133654, 0.153641, 0
-0.329354, -0.453873, 0
0.429412, -0.822709, 0
0.284053, 0.20915, 1
0.885538, -0.353149, 1
0.539606, 0.464165, 0
-0.803611, 0.137785, 0
-0.321242, 0.0390006, 0
0.669552, -0.480284, 1
-0.0130027, -0.885595, 0
0.716591, -0.473244, 1
-0.29049, -0.0602764, 0
0.244799, 0.48577, 1
0.171449, 0.72995, 0
-0.525235, 0.79698, 1
-0.198823, -0.0997023, 1
0.194255, 0.866668, 1
0.19068, 0.815949, 0
0.386254, -0.207194, 1
0.656335, 0.0469658, 0
-0.615995, 0.262364, 1
0.598854, 0.098138, 0
0.0776072, -0.892063, 0
-0.212676, 0.266993, 0
0.0138316, -0.100047, 0
-0.0107237, 0.904973, 1
-0.450316, -0.184064, 0
0.552918, -0.554769, 1
0.526122, -0.159472, 0
0.540066, -0.0399672, 0
-0.294161, -0.835822, 0
0.368414, -0.614041, 1
0.0981207, -0.10823, 0
-0.254217, -0.651176, 1
0.0292471, -0.74982, 1
-0.217073, 0.143313, 0
-0.189423, -0.433788, 0
0.802554, 0.0565874, 1
0.578556, 0.110118, 0
0.643806, -0.733681, 0
-0.116962, 0.0392706, 1
0.91488, -0.333563, 0
-0.158107, 0.739933, 0
-0.573532, -0.575285, 1
-0.354201, -0.278667, 0
-0.412865, 0.113618, 0
0.785196, -0.445123, 1
0.268987, -0.553352, 0
-0.033932, 0.355705, 0
0.723279, 0.406709, 1
0.30934, -0.295611, 1
0.180813, 0.0669713, 0
0.28034, 0.765349, 0
0.0566103, -0.271947, 1
0.740162, -0.549153, 1
0.706242, 0.0373908, 0
-0.0698918, -0.605783, 0
-0.349761, 0.708011, 0
0.635294, -0.136128, 0
0.190663, 0.621591, 0
-0.175817, 0.7821, 0
-0.47293, 0.561876, 0
-0.793241, -0.255156, 0
-0.221113, 0.72643, 0
0.00556034, 0.947849, 1
-0.619099, -0.676867, 0
0.624677, -0.0434064, 0
-0.00969869, 0.341855, 0
0.0966038, -0.96121, 0
0.573104, 0.264167, 0
0.589472, 0.537665, 0
0.1453, 0.294947, 0
-0.786542, 0.531271, 0
-0.648316, 0.351231, 0
0.488033, 0.56733, 0
0.800191, 0.324838, 1
0.681027, 0.4508, 1
0.0474439, 0.985235, 1
-0.594365, 0.212853, 1
0.600036, -0.218152, 0
0.412778, -0.263814, 0
-0.79798, -0.485003, 0
-0.397844, -0.403706, 1
0.578774, 0.180915, 0
0.263232, -0.602403, 0
0.0176891, 0.0962852, 1
0.0622414, 0.521898, 1
-0.357269, -0.856816, 0
0.0812901, -0.924301, 0
-0.621526, 0.0693955, 1
-0.614509, 0.129363, 1
-0.346503, -0.00758559, 0
0.16219, 0.904135, 1
0.190909, 0.0344799, 0
-0.837383, 0.0575142, 0
0.0832276, -0.174826, 1
-0.389141, -0.337979, 0
0.227329, -0.454726, 0
-0.784378, -0.0280638, 0
0.54297, 0.714959, 1
0.294139, 0.926452, 1
-0.26722, 0.545827, 1
-0.906238, -0.0701215, 0
-0.44373, 0.419469, 1
-0.233139, 0.183286, 0
0.448142, -0.382132, 0
0.379591, 0.718073, 0
0.359837, 0.233736, 1
-0.347924, 0.450411, 1
0.138669, 0.657545, 0
0.627285, 0.401955, 0
0.134756, 0.580695, 1
0.0285303, -0.454897, 0
0.638357, 0.540564, 1
-0.386609, 0.228754, 0
-0.907115, 0.0942412, 0
-0.642128, 0.289732, 1
0.372659, -0.0237719, 1
-0.491704, 0.22305, 1
-0.216108, 0.0201215, 1
0.411438, -0.242132, 0
-0.0323014, 0.993704, 1
-0.297011, 0.824347, 0
0.930191, -0.194497, 1
0.0855999, 0.809036, 0
0.0652059, 0.855032, 0
0.021585, -0.0741483, 0
0.00996517, 0.245276, 0
0.25334, -0.919702, 0
0.16104, 0.74652, 0
0.119907, -0.986343, 0
0.295462, -0.453656, 0
0.768899, 0.327309, 1
-0.35134, -0.51154, 1
